cond,seg,p000,p001,p002,p003,p004,p005,p006,p007,p008,p009,p010,p011,p012,p013,p014,p015,p016,p017,p018,p019,p020,p021,p022,p023,p024,p025,p026,p027,p028,p029,p030,p031,p032,p033,p034,p035,p036,p037,p038,p039,p040,p041,p042,p043,p044,p045,p046,p047,p048,p049,p050,p051,p052,p053,p054,p055,p056,p057,p058,p059,p060,p061,p062,p063,p064,p065,p066,p067,p068,p069,p070,p071,p072,p073,p074,p075,p076,p077,p078,p079,p080,p081,p082,p083,p084,p085,p086,p087,p088,p089,p090,p091,p092,p093,p094,p095,p096,p097,p098,p099,p100
15kg_10bpm,10AB,2.71307207,7.381768754939941,13.739707576812785,20.799396472706306,26.922998061844762,30.873809657169797,32.233839401551386,31.16364566716058,28.209531337701467,24.333166293465926,20.838918478272273,18.657267441665955,17.600416751980827,16.91616262195896,16.36840099019544,15.971143297732556,15.186740122585613,13.42525507123646,10.851675001984173,8.032538071468164,5.282676289549151,2.717462517170966,0.4953050383637339,-1.395562828050852,-3.437577301367132,-6.267264042684457,-9.900840002453288,-13.605369474269963,-16.698218623463923,-19.152606031914367,-21.442181649577375,-24.019679551409126,-26.833095335289855,-29.38615228280766,-31.36203683989777,-32.94916331546802,-34.52827604483307,-36.23954542405422,-37.88047764709767,-39.156475195670275,-39.938562319354766,-40.288155200228836,-40.37515380172594,-40.36596477155683,-40.313092546467786,-40.1246068497137,-39.69337085410601,-39.055402755739166,-38.33240906319352,-37.53160783545263,-36.51896984220309,-35.24420078555853,-33.906848788768436,-32.74895050351195,-31.691768444494013,-30.37820282045785,-28.666622165691155,-26.900341850288118,-25.53181707160674,-24.63038656717335,-23.960114305633155,-23.357986522938372,-22.78438261495482,-22.169103451320893,-21.46291060731281,-20.79040916827966,-20.367833352153323,-20.273392005236218,-20.3333968962017,-20.20257084929643,-19.658981546778,-18.91981613930161,-18.492432068823856,-18.54553463381581,-18.699763213123887,-18.549953022591296,-18.0613741547169,-17.474025922176804,-17.147114155204875,-17.362694920692928,-18.04769273030457,-18.884488915898437,-19.679902745392646,-20.400185443991813,-20.87720277009618,-20.762828350025476,-20.046592970585465,-19.450461282333045,-19.70846955210692,-20.298735989581974,-19.694955778211206,-17.23582244506844,-14.06742395255672,-11.703405812893143,-10.206362062403665,-8.606565662262424,-6.41209990130964,-3.9708032866459364,-1.835624976903232,-0.40594961474762725,0.17670093
15kg_10bpm,10BC,-8.12833951,-10.479168502294424,-12.66947492583005,-14.062181641045315,-14.514270680922138,-14.712557460000003,-15.603494856095214,-17.45434069065143,-19.575655544791612,-20.942372511671923,-20.98953397,-19.869502721098698,-18.163836944733166,-16.446609833457924,-15.016135719061124,-13.89918104,-13.011599836834622,-12.268140794488074,-11.57361962407498,-10.798824607246818,-9.84039148,-8.724451735369607,-7.629056184855922,-6.77892287087356,-6.297450975214406,-6.13961258,-6.147033542804699,-6.151428338868765,-6.039122953880184,-5.769893017917478,-5.378813939999999,-4.960367670175171,-4.623794448158022,-4.436515524768576,-4.392357561142948,-4.422745560000001,-4.429260366764875,-4.315117578297188,-4.012193205566506,-3.502015065748272,-2.82394238,-2.0561642375235927,-1.274082287611609,-0.5121752498434201,0.2482766401339595,1.0547049400000001,1.9325217099002203,2.8576587701328364,3.7831498935272045,4.679667725177989,5.5484721100000005,6.416585932433572,7.320388629514428,8.27400967685401,9.255099833964458,10.221175170000002,11.13174668450287,11.963678252097472,12.720619688184607,13.427365696399047,14.09144889,14.66865414605147,15.088772805848096,15.322653506591305,15.417903768618999,15.45770109,15.482014169776047,15.461963088140417,15.346746152201266,15.123203521245719,14.847897730000003,14.640524772459397,14.637366301241844,14.925178398736062,15.492084895701725,16.219720460000005,16.938105269612226,17.53709971305609,18.04597758254738,18.586824419461134,19.224713320000003,19.84193334313738,20.16021337354173,19.917298265621383,19.066549652384786,17.82753766,16.507240052665697,15.221013249561945,13.795541412566937,11.972437617359523,9.719460350000002,7.3433943926592065,5.298125982836099,3.8669481681298343,2.963239386255318,2.25730097,1.5299502104818052,0.8537838774635986,0.4303353934029823,0.32078938434210436,0.37668243
15kg_10bpm,10CA,4.62105228,7.9911771194909536,12.065644090749581,17.561345574101182,24.699073139459486,31.638345127698216,35.9768515098086,37.167582725939994,36.33765497682326,34.77659172835376,33.27956262997518,32.101956547056396,31.056645784308714,29.862778579747253,28.430155127893187,26.835455384529038,25.12170176430268,23.270373233207398,21.30639212496332,19.206461423898027,16.992337247216845,14.979835786151497,13.465856309473667,12.20222319099824,10.587555562733858,8.418582115831775,6.2326602488948115,4.773687695373977,4.277149716937847,4.418975344170398,4.810130942155881,5.240721740139126,5.652976225732152,6.080281685859041,6.421841052546443,6.531289527884288,6.696389362283934,7.345526058623321,8.249465439490582,8.730785010854683,8.524311090161607,7.870655018612343,7.049750409755011,6.407705397146432,6.488547520625311,7.4731207532876525,8.73361454899437,9.435112209387713,9.33086030228887,8.789658144251696,8.243604550371733,7.765021255537719,7.198882335609374,6.584601753955677,6.245207636509697,6.4209092331688575,6.915639104050031,7.2827986398147395,7.299655619941135,7.149054000140827,7.122909770792862,7.116833642228111,6.827312186194631,6.303783196491209,5.545674702223429,4.168346026071731,2.441510593336403,1.3206048294771555,0.9806867796167351,0.8235390092762542,0.3786173643404247,-0.3856147996752096,-0.8505215108300719,-0.35006131568636645,0.7935696254688412,1.6186542857034438,1.5696551631805409,0.5721736171578495,-1.33040103895468,-3.575429246315837,-4.796149937582256,-3.9389452784039887,-1.800881717100603,-0.5515938930532777,-0.9287811277428455,-1.4461992360279134,-0.8796772929951068,0.29814157093322075,0.9627355227524705,1.1865006667498532,2.4016843782962054,5.152953289792368,7.359944683447643,5.827390778935101,0.2334331943099927,-5.311939627790334,-7.259658362677504,-6.5355923709561425,-4.812109729798989,-2.2645127293511162,0.48655002
15kg_10bpm,11AB,-1.15429958,0.8960656730806187,5.094895511277947,11.252550477380783,18.03061925286875,23.668149861275605,27.01922158640414,27.753956818646937,26.207497333546456,23.384872410712138,20.568873492407583,18.486873885458532,16.963305984100003,15.528630875836566,14.128595941461217,12.976541052897627,12.012564095267786,11.015564394534465,9.98846634889568,8.956311668032448,7.724068420000001,6.134879825695061,4.143933954354272,1.6683816482331297,-1.1331553406373285,-3.7394720274345294,-5.863586272349069,-7.908583073123485,-10.539206826501033,-13.830817293277168,-17.13353771123378,-19.840849356908674,-21.87392874051491,-23.468208287567858,-24.91695252972189,-26.47725324326273,-28.31168765676783,-30.4146198320895,-32.57051217817689,-34.43396640215914,-35.70961462,-36.32653448913085,-36.50622880904027,-36.63884246211625,-36.96393479290827,-37.31229378249172,-37.295828126591374,-36.80545126348933,-36.13991992248003,-35.59570272549284,-35.12585511176653,-34.52763490840414,-33.78225423323402,-32.999491426350744,-32.148753030506676,-31.09529519249508,-29.8671767469213,-28.646418321647843,-27.527006809171013,-26.464028330769196,-25.38166495,-24.232431501493515,-23.052083159134447,-21.930878057350803,-20.925131619746534,-20.052124143470422,-19.324026678509583,-18.726024165243736,-18.227501509499337,-17.856138085640982,-17.700221711422927,-17.788489780636343,-18.036112547939137,-18.350196819001713,-18.63764501679853,-18.710651753236483,-18.36621555725534,-17.55019410462889,-16.40704878188957,-15.246871280849955,-14.453111,-14.351457014719255,-14.959578714151402,-15.67110358754806,-15.397254261347964,-13.488765764470028,-10.629218194836094,-8.345495743291988,-7.71475393718789,-8.878271341125059,-10.705522417212133,-10.930541634286953,-8.346135935116083,-4.277193339383941,-1.0373581581273728,0.2183994393587215,0.07055671541797882,-0.14054402669840316,0.3422651201845241,1.1853568042706755,1.52431734
15kg_10bpm,11BC,-8.39492963,-10.639646531122612,-12.543446759890406,-14.037322934184651,-15.468059495446377,-17.307399492013854,-19.679223088077364,-22.137269404446315,-23.88255136631416,-24.3051190841121,-23.420247302104315,-21.800224389239673,-20.117601362820338,-18.769334010743734,-17.810419466897187,-17.07381885595726,-16.328631185766266,-15.414772014187873,-14.296578428463249,-13.035608933357102,-11.73179467448915,-10.489279939381156,-9.404417256910298,-8.538064108473424,-7.889446324696666,-7.416740492216082,-7.084414546419776,-6.864732824288064,-6.691553949882688,-6.462543428465587,-6.107448908143932,-5.6327431931369585,-5.103099312015153,-4.593609571708213,-4.159131921184388,-3.832771487711021,-3.6217032505248956,-3.4709771229204764,-3.2419082824886556,-2.77645224749079,-2.000277005742,-0.9724136224216314,0.14839217112398695,1.2129613154499712,2.193442002850803,3.188755851938519,4.307639322522639,5.53435727118133,6.706478948352773,7.631710721311145,8.24267652324842,8.652917538710058,9.072223176598479,9.666294580917986,10.471165758906697,11.38879402994643,12.238655797350479,12.8499570517883,13.149199052309655,13.184497708116197,13.08514563705748,13.000509137103212,13.052411944229807,13.299422008272996,13.706564325085917,14.160651080032512,14.554894419470143,14.862358642187884,15.123865231926844,15.391780567932942,15.691726818591155,16.002549863307355,16.26465337529752,16.44399762600889,16.599446662043018,16.848203131081767,17.233647296260173,17.637609049779602,17.856256133197693,17.773281722569983,17.45166301249653,17.07413161346279,16.81407579354682,16.734245586353893,16.772354044337717,16.800761292240672,16.66557084421097,16.16556507966441,15.078636084169192,13.315860687223354,11.088504374612228,8.863324776487183,7.09495561235405,6.053130802381532,5.769364068589075,5.950352448857537,6.038242525774875,5.513058912660803,4.233505999122029,2.5338521116510315,1.00332734
15kg_10bpm,11CA,-1.099107,-1.3110328653420515,-0.7184629800164123,1.0633980860350558,4.358586035091217,9.353969716768502,15.719180376825797,22.43108152397145,28.18801142957017,32.19101462753436,34.48457317470563,35.48988118852657,35.481513099368435,34.64271945179284,33.23557900874835,31.500006047619696,29.581315539502672,27.6008126986642,25.669478203655093,23.849638244578617,22.111590746127316,20.33831240233268,18.42184800330594,16.33934752557035,14.14541921725463,11.93560679,9.824452615560684,7.944503329190592,6.432800911902401,5.338398322349329,4.493732732697298,3.6069453498987922,2.5995155119667994,1.754163174388343,1.4078981872292369,1.5540160645359125,1.8513782525144744,2.017970433460475,2.1113497875833125,2.2966946439326903,2.4661284431743336,2.4108838762846214,2.2685705451270843,2.3903510330666373,2.7919709070834076,3.1723676347172303,3.37579632509226,3.421601228519245,3.2580969543226415,2.8927063480448587,2.5820502200000006,2.5678233254503846,2.7562019379824023,2.8530101195684603,2.7911370333273062,2.8969135056364355,3.540432835183558,4.694788346966097,5.92523633857334,6.743924735420432,6.951550120558245,6.767876290794048,6.70089956136342,7.1336641761167705,8.008356522842949,9.064750021632205,10.07024066148377,10.621701047063087,10.351746560415297,9.429343419088179,8.39450907131066,7.771116296701606,7.904126771672453,8.625676076149766,9.119246488169816,8.624465220000001,7.229809984891719,5.597244614805264,4.048614608945243,2.425032680429183,0.6948284458765044,-0.8069750252893961,-1.739592403332221,-2.0687747480396825,-1.9843107840122574,-1.6554104062272763,-1.1102215294128843,-0.3926935097852517,0.5401428797399399,1.9707045482324173,3.5448035580566093,3.518591335304259,0.6825244708742838,-3.2924811939564744,-5.946043376042241,-6.909113737502188,-6.948182699303458,-6.418413670313099,-5.246467989509362,-3.3904119264363497,-1.18658432
15kg_10bpm,12AB,-0.30368069,2.474054933815779,8.482757211525698,18.037918313207918,28.223379554817612,34.74168872932659,35.4207651635296,31.605111693196843,26.438022639448818,22.241559271651397,19.42849178982327,17.16324437813385,14.850436593049205,13.023357138445338,12.156582126927914,11.202645290764657,8.978916259960156,6.377576020749256,5.166758334989246,5.07842386079127,4.121703653798043,1.5011633614955764,-1.7932997027542519,-4.990085152485841,-8.172917295138022,-11.281597651526598,-13.98103113040258,-16.251913714148778,-18.425602879946727,-20.715315086260798,-22.89141639087739,-24.52470041554733,-25.451129642194886,-25.993113754638983,-26.657634878764725,-27.61593902871394,-28.677486688182235,-29.73831532381123,-30.944399539981323,-32.32887445826052,-33.63146493790729,-34.60177897249439,-35.238629759564866,-35.60180370273284,-35.5708949438224,-35.012180362507834,-34.012151848147,-32.76555622924318,-31.373121907972422,-29.967426354756768,-28.85668442,-28.37546177910598,-28.561823525904153,-28.983935766753802,-29.0918821098985,-28.702762248978754,-27.95709650104521,-26.973799039579326,-25.799780132028523,-24.562865268077747,-23.436706955674044,-22.52989724088073,-21.85094618721014,-21.30963938050675,-20.81450042126096,-20.43343119972227,-20.39764586255304,-20.860502467996888,-21.49104073289421,-21.551587158580393,-20.85093301745133,-20.010425183212813,-19.494642019866685,-19.20835652201736,-18.797733083268696,-17.94947299354501,-16.843132287436653,-16.192559545242958,-16.480250232036866,-17.479139065399565,-18.670764836089862,-19.728655845766745,-20.46295873349238,-20.70615711573805,-20.572698291241252,-20.588609637941747,-21.069463393349658,-21.33606594673858,-20.254097267859873,-17.741684447232657,-14.916421049338055,-12.738344063381465,-11.174504608565691,-9.646798190447935,-7.865722930348023,-6.000453022028146,-4.1713632093002415,-2.444368902489479,-1.147101855709872,-0.5351431821753007,-0.36791241
15kg_10bpm,12BC,-5.26126803,-3.8860757141411852,-3.7535603078911657,-5.152901923877266,-7.75064189284556,-11.219964672602122,-15.094578334320238,-18.21801134711571,-19.210311473017583,-17.86009745345614,-15.709494989356418,-14.925469108425176,-16.41178179887698,-19.101433704874385,-21.140687266360448,-21.533946962225773,-20.586515775882148,-19.11303971130241,-17.627110214533605,-16.25703663242645,-15.062918520797307,-14.151302101911215,-13.545048120918393,-13.099028062460304,-12.58063151190534,-11.851082900000002,-10.978717948988221,-10.155107759625183,-9.500510464859444,-8.975483582084461,-8.482076912739089,-7.992704662831232,-7.516752938421961,-7.016019587129734,-6.450309472907419,-5.85372335282472,-5.295156267386097,-4.784423549069624,-4.26369848255037,-3.673797126985478,-2.9817305964986476,-2.158738148966341,-1.2032086099254562,-0.17879604940190466,0.8302602436480043,1.7861353855484752,2.697945278048152,3.5915081296516003,4.493746399277905,5.416533173697109,6.33600851,7.1813818545052746,7.858651892011035,8.30925665884475,8.555681436205623,8.686122484743422,8.794978597637362,8.92533620713212,9.028519316155588,8.987564621639562,8.731345617226278,8.329815396745193,7.962672484522713,7.787429131336605,7.8281022608106,7.974864686842184,8.06849563642761,8.00196345940934,7.794675435841713,7.599777827258149,7.613465644834594,7.923595266962236,8.42929964369966,8.921456626745762,9.24362641942757,9.376707080000001,9.40563023950373,9.468872954313984,9.714830617475933,10.214395013271986,10.88299156517165,11.510806850573974,11.903690131485813,12.028116768597304,12.032791477605077,12.138171767124431,12.512122401277042,13.168212636661911,13.803354153276596,13.702386491144459,12.09944636406951,9.008586727913718,5.595472940508789,3.310149663174639,2.5737111184296904,2.5929020065827864,2.4430322379953266,1.9718923563585908,1.5209115618684426,1.2028832991704235,0.86973773
15kg_10bpm,13AB,-3.3015945,2.596549464596653,10.596647808444313,18.580862909618624,24.448354292388288,27.51142884960439,28.591787335913907,28.677657089618304,27.900190234115417,25.781156792525117,22.287805155194732,18.46149931879297,15.57029835277487,13.757828152286637,12.238853995619206,10.79779961894272,10.08236894473153,10.086975024073224,9.52587108667192,7.28358952486181,3.8135001064267717,0.7268892372781632,-0.8727359849306947,-1.4128766439558444,-2.3249330896109455,-4.633153702235471,-8.01677578082282,-11.38299549362356,-14.064995852470972,-16.10241157896366,-17.759967021451427,-19.200403442766632,-20.5495858563534,-22.02795475552775,-23.957537493247795,-26.611044105375942,-29.795172929078106,-32.73627117523322,-34.706210810557025,-35.631641936691196,-35.91895545326674,-35.907984429967705,-35.72100913350582,-35.451255330129534,-35.20565242624436,-34.98032317096106,-34.61830153202918,-33.96356246584022,-33.08216327638915,-32.24070157216938,-31.69175600695987,-31.49914677486761,-31.459876975429676,-31.15922653827013,-30.213652380754173,-28.626237464266723,-26.90607123537254,-25.64767663024714,-24.973625708019597,-24.51169097758232,-23.823660041270358,-22.765169542379883,-21.5044788007203,-20.29292717385216,-19.289125425370887,-18.545228493197673,-18.02755379245381,-17.65482651376914,-17.357590176772128,-17.128887973516292,-17.041989573854906,-17.15866704183259,-17.364580512346045,-17.323188326428916,-16.773422883356695,-15.816995072627712,-14.812174846095683,-14.041217821544079,-13.483651712802544,-12.958868691011528,-12.448634978166538,-12.206454298510923,-12.573921918785434,-13.640726911206578,-14.924680619282237,-15.333111023489389,-13.862880617420673,-10.847195953663517,-8.067750152555277,-7.26101560615205,-8.608331377265674,-9.86976515802701,-8.322456099871273,-4.398413124669484,-1.1015009513339284,-0.3047095213703149,-1.0067661147342077,-1.1286442161583385,-0.16492649967524223,0.6788727254437035,0.46101951
15kg_10bpm,13BC,-10.83548184,-11.887446029573875,-11.902320400260262,-11.347373942805644,-11.231913206023474,-12.37100448764205,-14.741968078420049,-17.48659017559679,-19.539561584021918,-20.30239781810796,-19.867778381072696,-18.757364186656375,-17.496435484723197,-16.368159066554796,-15.424046584696592,-14.61557306135507,-13.906491976132433,-13.313291593429904,-12.867669701775831,-12.545478466094917,-12.236615156134263,-11.797683221563247,-11.149509474480855,-10.333496254024757,-9.48955703981469,-8.767613835910122,-8.230091116456569,-7.813727924680794,-7.387919026156652,-6.86593738040091,-6.262568251753354,-5.649214539121445,-5.063669904914563,-4.475469664037384,-3.833035584917754,-3.1271702208564855,-2.4024615628515047,-1.699983090027105,-0.9935747936624442,-0.20515255990372175,0.7235015586800017,1.7925623383399858,2.9547293217072403,4.135763991844103,5.26304081183349,6.306244576453961,7.289139814714363,8.24431651681955,9.158825010569453,9.970220064144115,10.612452001869919,11.081855872188891,11.478391119016186,11.970993979484074,12.687459616756652,13.618140953784328,14.622698269747826,15.519288402559368,16.155949989482572,16.4306385616837,16.3188440284393,15.919657607191368,15.45168049570925,15.15085317610169,15.120868983044964,15.258448821692678,15.321767253234015,15.08287136190424,14.458601621341705,13.556212092423072,12.617652118007673,11.889350950520754,11.497771720400793,11.419499589837445,11.544981107871521,11.75467059418709,11.96211178908858,12.144655227748103,12.342449269582854,12.592216749758043,12.852520169045796,12.99863956183319,12.92791983079933,12.721810108540005,12.65605382727788,12.949851653350889,13.435996634597364,13.498671401729007,12.52784526417056,10.588967119458346,8.49791932764151,7.1090530871995465,6.59677883463845,6.39849537791675,5.843636986571671,4.85087418685599,3.9325528081452026,3.521390170280504,3.416039838029776,3.0220774684939014,2.07469653
15kg_10bpm,13CA,4.82314334,6.973605272337462,11.699028450743732,19.239973037127314,27.851184602262855,34.807712096643016,38.43910141688189,38.898964333240826,37.28076605628705,34.71477516151409,32.06794609583759,29.82382482653788,28.016561581227677,26.36200009505126,24.543905856039988,22.438772585999217,20.075227974946806,17.475099955171846,14.672529208911659,11.834530718381622,9.265212828995098,7.187019486594993,5.462086282233372,3.7311008457438004,1.8741532784732136,0.09748615078282413,-1.4041499527847465,-2.67774268937259,-3.8474667207491606,-4.773861598211325,-5.128614912783653,-4.907391988496933,-4.608040014672889,-4.5906250407367635,-4.495087906472653,-3.7305932244338487,-2.353583557339732,-1.0011308242655859,-0.053923021607224945,0.6966527040651421,1.5201860052130616,2.3234434852560404,2.817354289039731,2.7926375745018355,2.1886810910551966,1.1198252685257213,-0.005114141458435703,-0.575290954766845,-0.2654059732640927,0.6523875479910697,1.6458741911870491,2.358776828549292,2.6704478694279654,2.6588868500829848,2.5720388563149177,2.6131007246727505,2.8129303088010733,3.155473567180903,3.5946894584920597,3.9319328733191115,4.009422936460662,4.130753529315033,4.815572273003616,5.973662781809358,6.697595577197814,6.248028980684301,5.121193006188907,4.429185608093069,4.348517765586728,4.104071881433469,3.2245346138812425,2.083825329396436,1.237660176847335,0.7836320657061308,0.5363945764705801,0.435748156592097,0.5038523928314796,0.5686113453152678,0.362646303921739,-0.2283083382486548,-1.1217996324348913,-2.0289701295933615,-2.5455644107350435,-2.352733012864417,-1.4065662399056331,-0.04799051475457051,1.0747676388908984,1.6619717811717702,2.4341665201025218,4.057728466789169,5.4805431793760455,4.886986719313759,1.9986803493078351,-1.4317598614174183,-3.4998549736148066,-4.522132539203145,-5.691961065841172,-6.673824655570647,-6.524388063244602,-4.997553750815236,-2.55062592
15kg_10bpm,1AB,-3.5003809,0.24438046408413314,6.255173595889129,13.116979707046728,18.787156442208154,22.251058887375052,24.0522001425797,24.97888004934466,25.120270701686618,24.30099674297993,22.78032943130595,21.34831343699904,20.660164650136355,20.51715511547856,20.190196905361613,19.40329085599864,18.415237371166228,17.176391644374778,15.322586988433555,13.007412383072909,10.647883970000002,8.079606000775465,5.013949342563083,1.8884591933835266,-0.6852197369683553,-2.9226101223999623,-5.471343746265286,-8.422855925583136,-11.427867616612032,-14.32592356425048,-17.123679884884112,-19.717852585371126,-22.11136001708473,-24.54562824239252,-27.102000252341515,-29.495717776306936,-31.435567871866105,-32.98883238571924,-34.37649668260318,-35.553708394481035,-36.26831715,-36.46071802083881,-36.38648244931695,-36.32665648473664,-36.32696012229798,-36.27760080016233,-36.14897185455769,-35.97706988015408,-35.67598244237343,-35.1043769633287,-34.40386949001502,-33.92661147508823,-33.72635576844326,-33.44736400048457,-32.783971704215006,-31.867220120641285,-31.05075497382638,-30.440180636642282,-29.803848575634476,-28.940289446142398,-28.031213520000005,-27.447087708356143,-27.228538900963596,-26.976135228899548,-26.34171452551815,-25.459082102177344,-24.697390080764993,-24.071587092320023,-23.230481854985253,-22.15963718303994,-21.43833068284173,-21.35213491181503,-21.273380541412823,-20.617361255468328,-19.73879275112082,-19.25240693832278,-19.16208089236497,-18.913597416499144,-18.06144780625402,-16.868002377212704,-16.06931147,-15.984646363242565,-16.167800875566382,-16.058384794692998,-15.764627007980293,-15.773225616364739,-16.06219337731235,-16.076555929259904,-15.561584194167404,-14.718727882488091,-13.515002879512402,-11.842330878054188,-10.053986347623871,-8.399780163240539,-6.61507066075449,-4.326090582558129,-1.4250207387102365,1.5353782080566034,3.3696310367877675,3.324485879555054,1.92090935
15kg_10bpm,1BC,-10.61779289,-12.217531187436176,-13.264188976027683,-13.324887163455863,-12.770363797843592,-12.716682153865015,-13.958764324543123,-16.245815636727894,-18.58255264896787,-19.98500856075317,-20.144207099732707,-19.52279938373534,-18.804039950727798,-18.345944227382763,-18.12776489664778,-17.96965010470331,-17.687965738322458,-17.173910730630503,-16.409299915245704,-15.430476148055504,-14.347342715223869,-13.358958972837017,-12.628668515830483,-12.107044085518092,-11.576959682555907,-10.90480009154631,-10.162880048005604,-9.486784270188284,-8.881847030277283,-8.236685816452361,-7.481713839352148,-6.6623227916971715,-5.849060640010784,-4.991153499102356,-3.902217664574342,-2.4642428121128117,-0.8087276340866243,0.795357282815911,2.1846287754183313,3.383699400377429,4.5151855627215,5.68172400010092,6.893950814956553,8.065682253618931,9.09144698836384,9.944220207224403,10.693136817981545,11.439129023692278,12.220214693531632,12.947789419652716,13.45951256201455,13.677160877777773,13.693961695355837,13.67274956432615,13.710452439066337,13.811200385180918,13.918746056898062,13.969805700746928,13.956114684548409,13.9367134277772,13.979193647369188,14.085163862268903,14.179206559916768,14.164889726838915,14.01645057156208,13.833890698768549,13.787232255907881,14.017397070605986,14.577279906674821,15.378616186122699,16.169580966351287,16.681223328270605,16.84847813783433,16.803576102727064,16.687260333893093,16.571482070241743,16.5160272086376,16.579274091352726,16.752848935564604,16.957488647113948,17.11350707060655,17.198515353282747,17.279667425866098,17.45902652770318,17.6775237166707,17.62007989647094,16.95822136428138,15.708843295059816,14.262614484952643,12.976025012774643,11.74798604527109,10.143409299555453,8.043908627895105,5.979013859762883,4.617774462519088,3.998304700179798,3.550077072581594,2.8116587688308563,1.7780788090466406,0.7682851218407627,0.14382869
15kg_10bpm,1CA,0.28905251,-0.39276678208541765,-1.1276084701693154,-1.4428309317949515,-0.7608098150050161,1.5159405300547757,5.931282649988091,12.766056076415015,21.5092750361364,30.489549739827567,37.704908699885195,42.10056887460121,43.82082213590114,43.61179175235947,42.39468685156844,41.03208294737808,39.94398720607723,38.91444341764319,37.45480312325654,35.33434326916584,32.74791771019498,30.101063098028852,27.588744736345113,25.01077777757592,22.178648464624363,19.286072214737295,16.60569302065361,14.076803207264268,11.468215180686608,8.705792487385889,5.918717128182629,3.4145385011344604,1.606758770492244,0.6700090853276527,0.3218594689092047,0.105671721342449,-0.19893907898271498,-0.5495004247507808,-0.8991454199338079,-1.2919921572135231,-1.7656837164509864,-2.249088876248103,-2.509343163521526,-2.332088408299899,-1.8746960024317512,-1.6000339865972886,-1.7447747217264593,-2.1038686932589843,-2.376934045475308,-2.4212630418191035,-2.1352877703543625,-1.3820240097593477,-0.18828273335562593,1.0731277946317712,1.968883873098515,2.473090680387374,2.8596626223190125,3.2628444268930545,3.593333811868214,3.7249551221430406,3.7447946836928887,3.984615082461619,4.698941583324024,5.803736439466436,6.940316959425604,7.750698210764423,8.141380687896811,8.284687298858925,8.434635350183976,8.769851149514947,9.214065842124704,9.41393064603117,9.092967709643295,8.430838418256318,7.84609389630243,7.301422346767645,6.094417731268824,3.716766711270928,0.820304162033582,-1.1361781394451538,-1.1355031105331463,0.6432625541448324,3.0707698987694183,5.054339391523175,6.260429180469766,6.890122866591629,7.199232739299641,7.495483534699972,8.086095680067691,8.920502210790952,9.349263972841893,8.252715486489503,4.997834077058344,1.0046105886186565,-0.7817819447871608,0.5271681842365079,2.7562828527152208,3.8746599081413757,3.8576500537283542,3.7351612131280088,3.93632645
15kg_10bpm,2AB,-1.34422941,0.39360649214225213,5.363571592590201,12.785155913258578,19.915084906468223,24.294515819725984,25.65853045245793,25.30221936696578,24.34226811080871,23.182933930734,22.024747579945544,21.272417940126797,21.187695856259182,21.264394580083007,20.44701623531578,18.238937591034798,15.363461276352488,12.91677899803977,10.98201945757793,8.778507648007299,6.036681878747331,3.2499823306121414,0.660881108418667,-2.038798969767771,-4.9489072710546695,-7.655057308784862,-9.889605163745959,-12.033594606295004,-14.655795991666666,-17.80881569274142,-21.091365335143184,-24.194463736286863,-27.058543641588237,-29.640762045560386,-31.841906651175968,-33.64388743688606,-35.16865058436075,-36.55302565421899,-37.84368700062344,-39.0189678101138,-40.04158860204027,-40.84248033344524,-41.29250633359707,-41.3145963328177,-41.079009440299984,-40.932199411824826,-41.01007325804241,-41.016215985198244,-40.52973963723678,-39.51780059794469,-38.38411621887277,-37.45433533913131,-36.58929353530281,-35.414831899119164,-33.84232242384064,-32.23782056055844,-31.017288821542277,-30.209417509161952,-29.523988347511818,-28.73636922697115,-27.901540852735348,-27.206726383121662,-26.70860454915161,-26.25145901750223,-25.644010999353306,-24.90144519030783,-24.28912552900989,-24.18816322313236,-24.785841071897888,-25.64578366838121,-25.74745324311731,-24.516874727857367,-22.677084655456184,-21.280584787507458,-20.28041312038454,-19.0036834751046,-17.411978854863992,-16.098405792317674,-15.446348001434584,-15.297420203248153,-15.34429227320576,-15.58131413372456,-16.211228937008567,-17.21027239568697,-18.166120833461054,-18.575265248755258,-18.318067732860992,-17.862253074692312,-17.714866645386785,-17.426987067474123,-15.720102108996263,-12.303346804715954,-8.67294407922069,-6.314252656373004,-5.020600025795935,-3.5098577999582146,-1.1520842358048298,1.3036932845631668,2.6406203052459234,2.4581354211916016,1.35279199
15kg_10bpm,2BC,-14.20223463,-15.50648945092752,-16.177040980184945,-16.81472322212384,-18.390846842784523,-21.196678077277742,-24.28986799486022,-26.3324753417065,-26.80356635085855,-26.234145836612825,-25.500848909819815,-25.10898241071872,-25.002936482911387,-24.83003675902217,-24.338555578036953,-23.55314724718585,-22.64903385879875,-21.767500934861754,-20.933953155250975,-20.07896076704741,-19.1271251993978,-18.07762159896688,-17.010270734368163,-16.01417025539215,-15.093251327208042,-14.152965695284994,-13.089319952329484,-11.877186838456364,-10.58892616671004,-9.317069717269508,-8.05281433283467,-6.675830760601671,-5.085736167673093,-3.3154442928935084,-1.493888711064607,0.2913017522484968,2.0588107114199574,3.8654040064853494,5.7113792391196725,7.518459035486868,9.17844676575983,10.622102725514848,11.854282482640167,12.943173568557622,13.976167983010603,15.01224780465844,16.068306705767334,17.13935109284652,18.212925040822554,19.246268770949598,20.139163038658776,20.759316286294663,21.025247127506812,20.991977231341867,20.850418343059676,20.792906342125107,20.84757166455094,20.857789108041583,20.620753961918822,20.03632227677356,19.177616466389523,18.293834209050903,17.717918846908116,17.663390547362273,18.06620895434629,18.669164070950327,19.276170514263704,19.889408750694553,20.61098911331424,21.457288093582992,22.279672354122155,22.867379218252694,23.138040718509384,23.20857647636791,23.274527272107875,23.449858062134734,23.72124738987641,23.996911010666082,24.142425659597276,23.993761302604923,23.411848687731283,22.351412889160866,20.84064306874499,18.926462763557154,16.770903507383988,14.786383972720712,13.447852120717682,12.837221019360594,12.45557003346431,11.62840718889451,10.14199959792422,8.434784458577596,7.163723294507345,6.567981325264599,6.286649106276538,5.77263592648522,4.801397958789841,3.5594965226440594,2.349116043477256,1.35404941865397,0.61939972
15kg_10bpm,2CA,6.79897697,9.281490792781183,13.672169632843751,19.987264546403765,27.286809345882507,34.11017095400045,39.29759219571854,42.59248187153729,44.517313961945966,45.64736523274914,46.01244705203698,45.26785897186599,43.35258695674691,40.72831925151294,38.00530291270374,35.45893194400241,32.901018656234804,30.049871373242308,26.931170480175776,23.79691742860346,20.845468778001607,18.039382274539115,15.100868167136198,11.836568945581762,8.515415204880277,5.744147479425747,3.8650100663481743,2.649234829708784,1.6159922165509693,0.457842614403647,-0.7165999407345228,-1.454920868770099,-1.5411251849888326,-1.4422668985211373,-1.7459000638612978,-2.254992220220993,-2.2584940409197105,-1.6412010184848935,-1.0211377600884577,-0.774331759787334,-0.5605354651442838,-0.016670460463051637,0.6319268549457937,0.9655139052635374,0.8732170136089688,0.45178138226036224,-0.16813893718650705,-0.7227615671298273,-0.7804632008614667,-0.06730030877573047,1.153597118493056,2.287600622445474,3.066369430496176,3.662408429331843,4.22118635759726,4.722660380339216,5.223323421196341,5.900201793579096,6.8528078008966515,7.939077480335642,8.773438581382804,8.933914717789783,8.44065874298875,7.916235920985943,7.934799470710639,8.386238921351767,8.712773991519411,8.508296617237509,7.848872363485527,7.236085228978188,7.1077039044893935,7.2956751826861765,7.176700694990812,6.451949642263603,5.530038195390968,5.045714579430073,5.132004758399546,5.355028120445531,5.178204885670209,4.294683202818889,2.766530281226477,1.181776658909098,0.6874762032725387,2.1197045529007874,4.873731546656179,7.297912454133789,8.358195665523844,8.392195516547527,8.269624879484947,8.620940386146868,9.596350947478117,10.379703339211435,9.18125044321043,4.888326027395169,-0.6876535855431885,-4.091597145965099,-4.632697448912677,-4.219374402954157,-4.254162021138639,-4.86678471796422,-5.34969675
15kg_10bpm,3BC,-8.9734123,-10.201995262590732,-11.91435427210467,-13.782126219739052,-15.565669354166465,-17.11771755502019,-18.444710017385123,-19.674212373707196,-20.837647757189576,-21.75209348591285,-22.2013251389752,-22.208991581711434,-22.025931620626764,-21.82437920704953,-21.518460067116358,-20.91209428636091,-19.950985710918562,-18.803143162364645,-17.74662480889585,-16.945465880394533,-16.290914220228526,-15.521626390525295,-14.519872203336567,-13.387746354832132,-12.243380455515132,-11.111192337104193,-10.035934496622287,-9.134139718806802,-8.453457814454644,-7.882963116662089,-7.271821581196485,-6.584842941043847,-5.899741566958867,-5.291911218263868,-4.752543094817746,-4.192445029386521,-3.5209686329600376,-2.72894197417379,-1.892373031255065,-1.076440719603242,-0.2607166148250901,0.6143530182707798,1.5697554832108658,2.577612203433599,3.591853107620003,4.581494615478551,5.5453354107430695,6.499737753504922,7.454043783070006,8.40392507196109,9.354236977595082,10.326514867470092,11.333732141119912,12.350752705948738,13.30660462967712,14.108638320608952,14.684831339359546,15.009100753569614,15.106903832427918,15.048752493906017,14.919676862672377,14.802535474577205,14.784150541345445,14.919059799561847,15.16853919940573,15.418216658000077,15.590049500806996,15.715329561928955,15.873741034604793,16.091826489421468,16.354940086272315,16.683261497399293,17.12549792348577,17.699267107375196,18.36452966204762,19.0331660953809,19.62016801530105,20.128960860467664,20.647715587720665,21.187512925313108,21.527672528803055,21.299186577296787,20.333733456034842,18.95915061418446,17.790515121349344,17.11674804723681,16.565473593003492,15.444746262438407,13.463604238957961,11.086429484480437,9.09947991468084,7.968675954542174,7.61328368282116,7.576999438135581,7.334258668344615,6.567099817192875,5.4024870037711,4.275959500771566,3.4109214979869114,2.588328065768871,1.57898552
15kg_10bpm,3CA,4.71786565,6.987505226004362,12.233672455051611,20.911111925424315,30.86300160917713,39.00404463526847,43.63303418198215,44.973111959736805,44.125253221305734,41.952958872288356,39.32949509000001,37.1274291058765,35.0429964791603,32.35179408696782,29.168153767202114,25.901633770509868,22.597114077200303,18.989015258042826,15.132025556141844,11.557629772959555,8.47172585,5.755846822375007,3.3014780814736397,1.0548871940196192,-1.0260318627825233,-2.9422199091298658,-4.4293646477425686,-5.295713672217807,-5.706707709940161,-5.6298349618679575,-4.747806300000001,-3.3849872361645623,-2.267034614295656,-1.3825817454638571,-0.5442078277125776,-0.12209652590313842,-0.20043539155546,-0.17675234992816222,0.5472417696252456,1.9418023802394484,3.49021227,4.668620329601239,5.238089080758638,5.663576658277969,6.499567816653864,7.590472993498781,8.516975234163882,9.150852186568642,9.576103503924573,9.95223789563877,10.233210290000002,9.857928383943804,8.910800247955788,8.461696432202837,8.688918827284482,8.824315466987422,8.689800282717034,8.245633137121594,7.412918103555331,6.562214920386879,6.098358050000002,5.457370894945957,3.726886877550038,1.448804389141684,0.04483723284659796,-0.178422971025528,-0.27264854520781034,-1.0621561093977023,-2.0570639444651824,-2.4981616094422274,-2.65732379,-2.8304931485600013,-2.145417232609917,-0.1079598461478259,1.342570620041231,0.17411719564918154,-2.1533019096666273,-2.325085183698186,0.397696446224675,3.0955645078845366,3.0563841699999994,1.8934147954544163,2.205271643293544,3.0664057778221245,3.508936589420239,4.5177684720734375,5.113508114359684,3.6228547965777165,1.8822471291453193,2.580579487480879,5.143357530000001,6.5307353185317325,4.000486340772166,-1.146455503579329,-4.069148722101134,-3.4600344615944985,-1.4165965350977694,0.4774786956611785,1.627535414852898,1.8752632295102702,1.31325221
15kg_10bpm,4AB,-5.07895564,-0.4954568720213419,7.220494721139569,16.276111917731054,23.18525595272221,26.117566740982575,26.398482563037017,25.893106179588543,24.904426788941745,23.337463453650656,21.98700978187209,21.87383753997035,22.841857202253664,23.487521526721828,22.877821173645632,21.43756130657377,19.608168729603854,17.27158602305035,14.676149473581972,12.314282141372441,10.011295694906206,6.856522906615841,2.1702194006347324,-3.45259401983741,-8.397285046253007,-11.623635060017083,-13.679799506127836,-15.702445205573909,-18.134825090738055,-21.114470637234753,-24.886521622104528,-29.19256495993509,-33.18369170729972,-36.09131001674753,-37.74593416188584,-38.585420307266034,-39.24874475699026,-40.09447339951251,-40.992737380800094,-41.58450825386717,-41.75892436356069,-41.75283478670957,-41.73677063027559,-41.56461142626154,-41.040947900050305,-40.14079040752995,-38.9507310029368,-37.62797182648385,-36.38081042968268,-35.32873502585386,-34.42891017,-33.564521132465586,-32.604737282692476,-31.59259223970949,-30.86117069382868,-30.61474807924867,-30.54064843018228,-30.2024371798836,-29.5429124209452,-28.75334603813765,-27.97727418015433,-27.209390032129175,-26.42851185380149,-25.823492986046496,-25.667345689494475,-25.783680257345246,-25.442515567250684,-24.22951987791912,-22.77828549878436,-22.007000303649058,-21.880200144098982,-21.595352355214036,-20.619582129103403,-19.015675038434257,-17.13839605307414,-15.591101319241348,-14.941061874782708,-15.057766647740815,-15.32420632069159,-15.538194184385258,-15.948382320904164,-16.27208746723565,-15.736732877203849,-14.597258444185398,-14.272254526597669,-15.046415101551784,-15.071316298025364,-13.135895706965085,-10.485676059897134,-8.693379738609263,-7.766343209095302,-6.866975839890256,-5.415854419619423,-3.4534585483013593,-1.4756663260555976,0.09227359326253541,1.1754758474554794,1.7616513487571275,1.7179874811759608,1.1750737132895004,0.61438154
15kg_10bpm,4BC,-15.44477898,-20.16266802140279,-22.980599713809024,-23.34742571730106,-22.270475672974197,-21.61459479487572,-22.445278802997862,-24.25085119518222,-25.880800472689767,-26.77382767498083,-27.058952980351094,-26.896928983864054,-26.13191561422568,-24.593846075104388,-22.54216524802845,-20.62847825398258,-19.386478961604,-18.783897536234626,-18.325220514915227,-17.5843408025575,-16.55577005368511,-15.504400315841394,-14.620246363377909,-13.879115189354199,-13.146161789133398,-12.31061563,-11.334807893514775,-10.252767032854374,-9.159197713402584,-8.17576149744525,-7.374787651416772,-6.717931658673726,-6.09969025966342,-5.449277669429377,-4.766424262594155,-4.068537250482068,-3.3448378088231676,-2.5868919496355387,-1.819871692805932,-1.0724796141877635,-0.34121804711201886,0.39367842562105804,1.1371037864937525,1.8856699074608188,2.641295916546728,3.3911429968639317,4.096951857473007,4.734169176742139,5.338320645329059,5.978576471422967,6.675585880000001,7.379636778744219,8.032199101836401,8.613862117154222,9.131341640030715,9.610469887901365,10.111102621353105,10.703051010775413,11.41735490414575,12.241387847919047,13.146900348415691,14.094547732179736,15.016674632232174,15.830321015682022,16.502591472216164,17.0916625213332,17.699318875535262,18.391543579663264,19.156996007493188,19.888765693862226,20.4065040321265,20.573932045326206,20.44473454722845,20.26937756876643,20.29752923416687,20.57241384,20.930455773189177,21.14790329386883,21.064006038954936,20.63508414366128,19.94426637800391,19.154863707054677,18.40135005968375,17.693607102617836,16.924927019494998,15.957831594611953,14.696647877589307,13.124177553923282,11.34317975723576,9.59375400750402,8.14713004683469,7.094733457678187,6.311830152678097,5.610781790845154,4.8608509667056525,4.070328524292542,3.3757541970517533,2.905103587110581,2.5866608031582348,2.1631673281995236,1.4955174
15kg_10bpm,4CA,9.92888643,15.544899355278115,22.508292665206227,29.762755620865526,35.5143431509493,38.51985172662335,38.90083777009233,37.646102036339585,35.78406249980663,34.083176640705474,32.9395832329353,32.14191605041281,31.05767427053207,29.313580059753303,27.130229566093405,24.87563714024649,22.54689010535489,19.968931952745237,17.274605522368088,14.786818729370232,12.589456678929324,10.536312663148928,8.539609914426924,6.640523293195847,4.888481116212712,3.3017826600000006,1.9465934686445905,0.8688202773374181,-0.05017530472727486,-0.9638397535746818,-1.82969475920273,-2.5310441544759796,-3.0706414352548066,-3.4102159902626066,-3.4661314337790228,-3.454996786800166,-3.7732070755221425,-4.436958333435353,-5.017463324127124,-5.10227156194382,-4.594459391914201,-3.7352423836816007,-3.0187112993894596,-2.88814309624634,-3.4023461895423734,-4.203742760240855,-4.695016635276636,-4.367718900176948,-3.1067675450731866,-1.2119210123367588,0.7552674300000001,2.2473193156863007,3.0646331333277383,3.4594148228280446,3.8585864750858776,4.5002370214751615,5.391979940851369,6.4594065825203035,7.622074756379213,8.75668447379513,9.613279407729735,9.961959909106586,9.942296963918503,10.014894297008182,10.39708115724497,10.78646979829275,10.740269196791868,10.112441028349535,9.14049306394626,8.184155542935464,7.338921637096455,6.4295726792021854,5.398640596498468,4.424832239624377,3.68478148005631,3.2365521900000003,3.019673637002331,2.826629244157356,2.483600523853922,2.1541282207207333,2.0840458662136263,2.102161140238774,1.765523646123777,0.8330248336323439,-0.6768835245672071,-2.5980464956972544,-4.211136924696631,-4.059430249796892,-1.4483349895829378,1.64995182815802,2.0649590346901245,-0.6454616327292585,-3.6251554022449755,-4.3436828230724265,-2.742505541655713,-0.14751253059607047,2.239890685320158,3.674154659645876,3.7416817862618035,2.6403621557464505,1.27252048
15kg_10bpm,5AB,1.51658768,3.212292853338842,7.590395218947361,14.987744457670512,23.334889635755623,29.407704313173593,31.458344011980373,30.07086120921895,26.851817547331922,23.28531301188313,20.52055875271351,19.200698826720103,19.12683627900801,19.38700597213144,19.06032514721766,17.83837691359032,15.935521753991042,13.63015423062034,11.127374331751044,8.59661297895062,6.017153224984267,3.058359911701314,-0.5380274922046613,-4.404126484049425,-7.720237651737363,-10.038803101560646,-11.688314703231558,-13.365467618916039,-15.56430458657314,-18.399457614292626,-21.677751622268435,-24.987749983559382,-27.902915481177843,-30.244058176060992,-32.14687827232689,-33.89364809690823,-35.66451680884827,-37.40169535245812,-38.90134847480682,-40.02404194751868,-40.807545756662066,-41.40117398667365,-41.85615089915497,-42.01190259589713,-41.722695263622825,-41.09332501585484,-40.369436588960994,-39.70279325312541,-39.06317386276182,-38.27981656860522,-37.20958796,-35.92073836538738,-34.593087507095206,-33.24952297769017,-31.766707143661222,-30.146473521503637,-28.67441888882654,-27.748232871995246,-27.562633943879717,-27.922668800709612,-28.30658865928476,-28.187995672339724,-27.42798474301561,-26.299449881232384,-25.072824363505234,-23.718451823382463,-22.155948763485167,-20.66119893292035,-19.707718638714653,-19.35690493010499,-19.079890421082847,-18.302803336267168,-16.912484982425955,-15.211289699905393,-13.687354445706866,-12.923864766319161,-13.280195574396137,-14.290976216158214,-14.78393955222583,-14.04897742154408,-12.687735569850656,-11.93217216947106,-12.254203122630967,-13.078449447469517,-13.732141811039847,-14.31768921418128,-15.681861558448546,-18.220441087113894,-20.576961797248305,-20.65888661868126,-18.10095265542848,-14.61064383964899,-11.959888884139948,-10.310058748163065,-8.895260440492914,-7.583218099801479,-6.691919346057545,-5.96280043130299,-4.795910318866304,-3.1964517584094416,-1.79491917
15kg_10bpm,5BC,-10.77394909,-16.19534216356485,-20.282073464799605,-21.11231903434432,-18.738287068744878,-15.283296889883959,-13.426486896138087,-14.403838540058766,-17.294322924741852,-20.109027869063823,-21.33988971,-20.631263416971827,-18.521406313228773,-15.872686645755062,-13.443400109354283,-11.707733599333238,-10.821715387195818,-10.629063738700289,-10.712464849609766,-10.589160921093809,-9.985791100000002,-8.9621503562327,-7.799242708804403,-6.78790633546315,-6.074369827451542,-5.619760616948176,-5.270061689954207,-4.87313649048945,-4.360511385316817,-3.7685769069611843,-3.19183963,-2.70383298232966,-2.3193985392626626,-2.0102522218322494,-1.7339891201962192,-1.4460720203535764,-1.0926883824736753,-0.6082213363839308,0.06496298906826345,0.9452301570032577,1.9919366600000001,3.1148931488075364,4.218959380379568,5.259420414281123,6.244554535819726,7.167669646781495,7.951608454895339,8.47891466378703,8.692028691330107,8.668946941963526,8.58852618,8.618074439307078,8.82067013352614,9.142589372542313,9.476579195422856,9.730168606388508,9.853725254444193,9.857059376035714,9.81778462820779,9.850374809492312,10.040677830000002,10.38303559087657,10.757995175986117,10.974325331808531,10.863263426137193,10.371691114171584,9.609554305240009,8.819825424253596,8.260051061219412,8.053412922444535,8.13523362,8.340752090866477,8.52309017312531,8.611355321835779,8.624922996710303,8.662249517518138,8.84047918066685,9.19111339689599,9.59846021381492,9.839934543641599,9.688391800000002,9.045982161239369,8.066501721488361,7.140248049923471,6.6425745810935135,6.603300970509826,6.636686707720201,6.230660870896214,5.161510731412048,3.6814882544258345,2.32743079,1.5211717278114716,1.2719239239230993,1.2765529453728095,1.305512921815917,1.4183250379107637,1.7730886527426917,2.254499627716033,2.4270314733360947,1.977898341010808,1.08838802
15kg_10bpm,5CA,14.10984989,18.716926150855866,25.002540367707887,32.43106555172524,38.96543980979767,42.739746157508264,43.32787701758774,41.678168008705114,39.30028837795667,37.35828395060847,36.11330598147885,35.05943422541229,33.577605937154964,31.484894721671157,29.079911458213015,26.746639737411623,24.558998669723756,22.276339063278325,19.653458292054275,16.657393969794043,13.454596021985605,10.21395595801593,6.934841485007364,3.6220126270590476,0.5278123508676058,-1.9782890033607696,-3.742641056063373,-4.921423376424933,-5.771525953451307,-6.440318593495686,-6.925304992312786,-7.1369518858770515,-7.016381849486736,-6.634634151100647,-6.1290076490699885,-5.538166021114192,-4.790959559186622,-3.898694940693054,-3.04417009638069,-2.401154107142357,-1.9353263842823096,-1.476634586190536,-0.9925082448616582,-0.6546813927405192,-0.5711771080117831,-0.5309108841879908,-0.1759185225441602,0.557229810755993,1.3358042059094197,1.7993785352340184,1.9312890237846643,2.021764526434745,2.329227094538729,2.7976746681619815,3.1094994575090875,3.0794114765745038,2.903559439278539,2.9195894972280776,3.2987847474528733,4.010356119707902,4.838692227484302,5.480131097432715,5.7876718807571255,5.820937929241114,5.767042981890786,5.892196806111118,6.3140356077357565,6.823831596417896,7.106818453840659,7.030782764131709,6.68323762767306,6.248528881522251,5.877961247345173,5.69706809837537,5.7827523237883405,5.842451056479426,5.091428828845021,3.035985379358929,0.44100724687688897,-1.113937497859597,-0.8780604745015355,0.3056419476944925,0.9897591075136142,0.7798829587320643,0.7967250253626994,2.0485218623562,3.7285701505855156,3.886950858465894,1.7634992815706847,-1.1152955040689665,-2.6403988811311647,-2.4273948597345947,-1.702395228504449,-1.6225900268217208,-2.2034235206928585,-2.6125392647033716,-2.261057095671945,-1.3181007977714356,-0.22988565049224643,0.8309136739440739,1.829695
15kg_10bpm,6AB,-0.17158171,3.4549281990649274,9.317261381709987,16.705679617164588,23.750317905550258,28.601818715319077,30.453653749830025,29.534732613226463,26.753118319888276,23.459022419819696,20.956818062020098,19.7733724380512,19.330028282474945,18.616276666973448,17.26219022953594,15.626211287873861,13.946939957979971,11.976890722482775,9.47221943340077,6.540864113080502,3.4451959284396816,0.48612011292986634,-1.9430993516882813,-3.6166131889735595,-4.897027322049088,-6.596789480000002,-9.206844508563869,-12.433085753802098,-15.641170708063353,-18.58629588238056,-21.45573137188353,-24.34825900920653,-27.07822819359473,-29.42722068380205,-31.303001664713072,-32.67489620683903,-33.58711593208196,-34.233336926666354,-34.80986714202267,-35.29641882490776,-35.597671029529145,-35.81027960963357,-36.14050290861143,-36.61555104460988,-36.9863118832619,-36.997421533497146,-36.693802223852025,-36.29151651240328,-35.82213518894841,-35.12625144817421,-34.19394545,-33.22859306562728,-32.284118712313706,-31.109601004331925,-29.518870156442553,-27.73566218076236,-26.205181640021877,-25.108538791428355,-24.206626824117667,-23.274869023311247,-22.517462090177375,-22.248313300737827,-22.354344619352737,-22.49575958956445,-22.689556331424935,-23.20018598574576,-23.900838002946582,-24.284375058605985,-24.124429104978745,-23.641579050030224,-23.065057598254032,-22.37727385652608,-21.434528557266216,-20.16349071818704,-18.80420258996127,-17.945580250000003,-18.009870442839663,-18.736759221813816,-19.381781161035676,-19.469310552305544,-19.337344858018906,-19.85457944245198,-21.450036311519636,-23.485948208745636,-24.766266008844088,-24.622182213178032,-23.45976798441383,-22.3548828225533,-22.047044078160518,-22.04062812190688,-21.04095894868551,-18.57902984815782,-15.60268971605786,-13.222900102837583,-11.442095423041902,-9.588764731687967,-7.401943911708776,-5.152941253323784,-3.1936978785218337,-1.7948361493016989,-1.05199297
15kg_10bpm,6BC,-12.30689413,-12.9761544248339,-12.939292420569174,-12.483082267439908,-12.309258875518525,-13.16146731541377,-15.171860529071546,-17.656794350151717,-19.639312940735945,-20.501601549581668,-20.19753906420024,-19.078312898061796,-17.6041363938058,-16.11810321843381,-14.78236526123836,-13.646598809212795,-12.708684019134136,-11.908655555641461,-11.127593857932357,-10.25724711387383,-9.280626346666407,-8.271032478842741,-7.320255751345398,-6.467709738540579,-5.68574363682336,-4.927946390000001,-4.191715932700743,-3.531822142400198,-3.0122493397111882,-2.638199716947648,-2.3318988238303584,-1.9813759383376588,-1.51662029803524,-0.9410053454775907,-0.3074537116987002,0.31946196715679004,0.8926287752778076,1.3962769669814603,1.8429474287388459,2.2609798248436803,2.690657639516583,3.1765923751248595,3.737248576622409,4.3421840130760625,4.935316037851801,5.480337547543553,5.982639841266888,6.477274513009796,6.997274239112188,7.544961417317242,8.07799263,8.513160964864769,8.760942097468247,8.77982122171961,8.608836731195739,8.361809238475052,8.179478997573462,8.168354233403198,8.375545409959726,8.795397389133303,9.385681075876978,10.08614634796598,10.820074276737701,11.466825969568747,11.846434249143018,11.792776869170346,11.298588280715784,10.57658886298059,9.938808026184871,9.607144470145297,9.623027510775875,9.889089019977028,10.266263697269098,10.6487089436092,10.998869138698101,11.349917820000002,11.75555796781982,12.207311496726609,12.589815463916404,12.712240121933512,12.408941433552659,11.661423432827469,10.639686452071922,9.610346442144607,8.777133214063827,8.153922133942894,7.536533839736079,6.626919289583629,5.276464258635008,3.6670403194833185,2.2899351378740134,1.6673770770933634,1.8997290005954295,2.5246632335776393,2.9113803013526214,2.801370518022003,2.4420840995933273,2.147198284825417,1.8697487942611943,1.3801236285653904,0.69679907
15kg_10bpm,6CA,5.41204102,10.88829876375357,18.133802358994046,25.932704620028307,32.65256130390959,37.081622820491035,39.04049249950837,39.16513378495819,38.22056815021204,36.818341116349856,35.40237485,34.03040207910907,32.306978639614705,29.88404942652648,26.953186995795484,24.04656837713698,21.50167285100081,19.26364910348845,17.04766468924934,14.587695748969322,11.790963170000001,8.829476923555061,6.102956443145249,3.9113132620672144,2.1594965515233913,0.5016950706399883,-1.2673175009478943,-3.0079995527270444,-4.444682939219152,-5.521315949421511,-6.42014827,-7.263859736822071,-7.899792357763076,-8.05453573374722,-7.760821400919545,-7.420647082959702,-7.2887242140240955,-7.137318186758231,-6.639030901160063,-5.874991370939591,-5.231364220000001,-4.912668990706247,-4.781830726939472,-4.696084879622562,-4.707475826325473,-4.80366339163334,-4.73901574171885,-4.307214607935213,-3.5625018020145975,-2.66412569760644,-1.6785520900000066,-0.585755968069928,0.6085243228913162,1.8643662652432635,3.198682076318386,4.5786340870409274,5.77952969205156,6.603854530188219,7.097145788316492,7.458459794410941,7.874238460000001,8.386320601485094,8.877209417471622,9.193645982395063,9.277230507132947,9.225061932881642,9.18771647818564,9.131608650404687,8.875096604577545,8.403597439942054,7.818508170000001,7.092265747681306,6.289965119633734,5.743655181819373,5.6415554259707825,5.659603000589291,5.235482790362749,4.167507063312211,2.816994976210836,1.7040866173766138,1.0723210700000003,0.7909537512507254,0.5570465948375708,0.26550848393188065,0.05961923801440776,0.1740408259570217,1.0169171904962668,2.9835788992377803,5.727578075236835,7.759778788508079,7.305317810000027,4.004713373828274,-0.4076145772850961,-3.731389296365762,-5.167242527146985,-5.049391003424012,-4.077176461474033,-2.8668646545573924,-1.5312191482806816,0.14658515352775106,1.98360919
15kg_10bpm,7AB,1.27790849,4.815345373053232,9.180761518088541,14.87273206239451,21.213894272010965,26.494156309356043,29.343447937848225,29.672250635742298,28.280091431406625,26.120837959774324,24.0285181164906,22.575581194866253,21.770828167179296,21.019591040408812,19.670235275152873,17.642825751233,15.476464489809098,13.65396676253594,11.955646229115038,9.820764588291828,7.1421433073756395,4.235280964167714,1.2608903137390095,-1.9074900669717259,-5.3780068379888295,-9.037181434376667,-12.662585677015427,-16.146188449843713,-19.563459317000813,-23.033183517287576,-26.481998614365814,-29.61218008652333,-32.180305564805806,-34.20958568425725,-35.92562539806214,-37.57182904519354,-39.254300394689395,-40.857724455516326,-42.088024775983186,-42.80709891582105,-43.27534549283457,-43.85240148033085,-44.5458313669596,-44.98100641541272,-44.75595324739696,-43.84046478373794,-42.6426256251206,-41.55352716501733,-40.51455001326725,-39.24399713504847,-37.77284818308461,-36.4384759158358,-35.384710102515925,-34.398342694649926,-33.28827121378353,-32.17052189713752,-31.276878097064035,-30.59154517106972,-29.851811741913345,-28.9702690691223,-28.23236549849858,-27.922716419181466,-27.835458180305444,-27.385386437657406,-26.24946236782329,-24.646276295966974,-22.966865783794432,-21.415020681001405,-20.040403429999426,-18.955697181159195,-18.391062081158914,-18.444756530759093,-18.881620138279747,-19.275017435891417,-19.263621216816567,-18.70317087606997,-17.793325546472623,-17.051893509858136,-16.930041824594795,-17.408760748030364,-18.214825010197735,-19.27131449023944,-20.59821937200592,-22.073966460602193,-23.431172398446403,-24.3096976102306,-24.47695782025688,-24.25062221482127,-24.330025185141135,-24.627735302570965,-23.842483204306202,-20.942674820029307,-16.524682271514795,-12.200295214864484,-8.801293653927667,-5.949097300614318,-3.273562165165605,-1.076004800527158,0.19194534113981526,0.5223094539789481,0.37158839
15kg_10bpm,7BC,-16.50243913,-18.683865716860005,-18.397356333696045,-16.428625425424258,-14.90336764715278,-15.52641219918955,-17.996878724177158,-20.492503510365758,-21.480051687097017,-20.753789408472777,-19.08845913622078,-17.345385030213095,-15.909774656136557,-14.751541279216974,-13.804073295396064,-13.15864204484754,-12.932140255648592,-13.051580206203207,-13.207065172565985,-13.038672820788628,-12.406189360000003,-11.457942587764464,-10.428488807150153,-9.44508593921606,-8.548405472948568,-7.771261237096203,-7.116497913127192,-6.534063852061113,-5.973176780698237,-5.417448282154804,-4.872961787721225,-4.353996302837918,-3.875085542117663,-3.4393693496704616,-3.012193414007579,-2.517932604404004,-1.898997768824733,-1.1683251160269372,-0.3903516044916341,0.3699128882251025,1.0770964700000003,1.733057659800489,2.368562240320646,3.0266543991967727,3.745876972601394,4.535273016884578,5.35024772697325,6.11524219730719,6.781623751276136,7.354863464908341,7.892013413165346,8.491052072135458,9.24755893807605,10.171184978991338,11.125023905545554,11.887727140464703,12.314817469269842,12.436750063043615,12.433170012651852,12.533012160415034,12.886978860000003,13.481398343105397,14.170012698165872,14.794985901440313,15.281451860766154,15.647876136562946,15.95841377755922,16.271767046173178,16.627508221164593,17.06465592907162,17.61250118482249,18.21105887301993,18.667169447468613,18.77662712287421,18.52703872738318,18.148170174403752,17.922435600133447,17.94549457493818,18.077100355452803,18.09678942679723,17.8737901,17.402443092500594,16.734265758398628,15.913333982212313,14.958499880605403,13.892470949616488,12.804094347068427,11.822224764084627,10.958647762263553,10.022691022437595,8.784694294637347,7.2423564936681135,5.656801640925256,4.30016108155309,3.2349918159142845,2.4275225538644603,1.9383841178216816,1.798751818622331,1.7872166660115438,1.5896858411886805,1.14238304
15kg_10bpm,7CA,9.52290377,13.077432976765843,18.10166851565153,24.72555846411507,31.045873106779574,34.772595412760616,35.35211056448138,33.84234920983082,31.739586529509886,30.1436048505704,29.152454183381124,28.039827580676427,26.182012959253036,23.550399536000626,20.656759836265422,18.137778608780863,16.111746288803435,14.07170791669491,11.607600159217561,8.84374840115289,6.19261784614166,4.034842313014598,2.367183688532376,0.7801776791216468,-0.922997186100432,-2.4269781281862812,-3.3507806913210456,-3.5425430062893972,-3.1589751902583765,-2.75671217016383,-2.740721595129966,-2.7101468065217564,-2.0931064819479928,-1.1883122669802642,-0.6663300185199962,-0.3983693366628779,0.24659403590608622,1.1625378638325008,1.694552641942754,1.7005711125706895,1.5578806058869743,1.5700967179042624,1.7988522702828236,2.2471270424415004,3.031765175602758,4.303347445791706,5.920457695367948,7.399604233093883,8.390921129065438,9.090979939288006,9.89202366464597,10.776287567936754,11.218760795212521,10.613075874230969,8.97668659870127,7.170813437421699,6.148896906720404,5.876555281262408,5.529493595493631,4.7969035794245976,4.079203977550266,3.644677193151164,3.3388351964581995,3.057762111988187,2.932064731475286,3.17362058429023,3.7490305647937086,3.7107913129565135,1.8318234820152526,-1.3704490032645853,-3.6690058330166755,-3.8129967597664907,-2.7110122056866954,-1.9850062939037505,-2.1364168567354738,-2.6184738908740774,-2.7743616181185975,-2.049428976381538,-0.7418320519344822,-0.25265258052000616,-1.3146891398668945,-2.812924212185556,-3.2226452975836404,-2.3081869088390228,-1.223469345564038,-0.8970324459493185,-0.7706358416399305,0.17072826987149392,1.6003493884271494,1.5442479548408372,-1.6131950234894799,-6.536297929776334,-10.034462889396284,-10.854326488676188,-9.385386037040165,-5.983235557453633,-1.3965793428674742,2.641732113355745,4.186986462847512,3.104313034076227,1.17379065
15kg_10bpm,8AB,-3.44491268,1.4217678104169815,8.889698110853576,18.009803249130396,26.72991721772368,32.847149624447034,35.08502224928602,33.419112917887496,29.061477502367847,24.084863844460866,20.320056106243655,18.304003958664808,17.315103127931447,16.339131975690584,14.9364506052508,13.348881753140658,11.935326146069738,10.677810222792859,9.259555192973702,7.396574479267165,5.082712415061075,2.5676779559631386,-0.0001954130892186849,-2.741004832461685,-5.6796047451208755,-8.558412451403493,-11.253258509828097,-14.007600735445587,-17.01207541057715,-20.01036760239734,-22.622253214861207,-24.893289254395288,-27.14792855968346,-29.43474968488847,-31.49927814710736,-33.20260430612282,-34.665416337886555,-36.024657052289314,-37.20615548125525,-38.0181487983643,-38.41915716011533,-38.58373064615918,-38.744678309127366,-39.01122253764733,-39.28478076939828,-39.32268520280425,-38.916342797873305,-38.09868018902236,-37.13409636992623,-36.22287568550378,-35.2943292345116,-34.158567578671125,-32.77717067191846,-31.268755447678164,-29.715013887078744,-28.150627927677057,-26.68563967460084,-25.404786397656196,-24.213797797416696,-22.994072011146592,-21.81552643586597,-20.834370904562558,-20.09338949189076,-19.53918685932862,-19.155789195527245,-18.982584432366597,-19.017499387187808,-19.13084966902537,-19.166326540844622,-19.260084171132924,-19.977027129632383,-21.80135901138682,-24.388299335335432,-26.607487455624234,-27.511558643080203,-27.005513290160945,-25.566972578076438,-23.84316009853804,-22.486281724412933,-21.847588756430145,-21.683077595105196,-21.32210436184445,-20.130710109919303,-17.850230672421652,-14.865483468517231,-12.191515822963805,-10.52233212375494,-9.490812260389939,-8.656992124581572,-8.24087002801733,-8.193528615509987,-7.641701902822453,-5.872046500218959,-3.2029253270144054,-0.6267654009523136,1.171040988934679,2.2322257839639987,2.7785674193444168,2.7027556593518702,1.8998469533362063,0.75807137
15kg_10bpm,8BC,-9.6236791,-10.88813451899565,-10.9512105726781,-10.43366983958683,-10.754751350526806,-12.84974169038329,-16.265934554467623,-19.506534200893533,-21.217806985287947,-21.04509306776713,-19.584983281293383,-17.781626015739178,-16.337900664679907,-15.484295500923503,-15.090966968725121,-14.89543461393152,-14.661709565567048,-14.239916919700374,-13.587367458926694,-12.765257915020326,-11.885877746289196,-11.035014009551142,-10.242081239831329,-9.512295433643231,-8.850410087249582,-8.236752015914767,-7.619454755433217,-6.965901913318633,-6.29617784119853,-5.642102090440932,-5.008631734280449,-4.407755507988277,-3.893918867061724,-3.5226657831654093,-3.285583110663535,-3.0963644960842736,-2.832205232532924,-2.4002629294924316,-1.7864206294473537,-1.0468971831026386,-0.2529422311424786,0.5542574247802902,1.3650995885600645,2.176936123548561,2.985718250403165,3.8097520667143216,4.705442590635356,5.738376280199518,6.923252781967769,8.1880028024534,9.40610937432609,10.46983525478148,11.353237070648563,12.135008932975381,12.95000824058622,13.885013172475597,14.910202683343375,15.910515276120808,16.77629726435661,17.465197081220943,18.01678034926072,18.54358136458392,19.179443600334647,19.98448081837254,20.875310835194977,21.645520977580865,22.06891662275019,22.037174425443755,21.653768470443232,21.202211185353246,20.983936993637403,21.12184991862653,21.48737616811386,21.82537601389129,21.958896063835123,21.898620548481674,21.80530891950537,21.867755398295323,22.18173099779622,22.712854508836145,23.370707938813098,24.100858926112874,24.867260608394524,25.556165571375637,25.958139747688467,25.86788454818286,25.190383802820342,23.973985862553405,22.39653229425205,20.658449112650132,18.75106499828519,16.387852076352054,13.336783842322713,9.896918601513347,6.902416947214987,5.06718146846161,4.3673734272228355,4.119634899873542,3.5943733173829946,2.575220282140705,1.4054131
15kg_10bpm,8CA,13.39052786,18.022222589341155,23.660166750583766,29.995764144681484,35.790134210000005,39.6670585124464,40.94127319855931,39.778021695995555,37.12174962000001,34.25269977589792,32.019008601739316,30.39746504632727,28.79381394,26.75446052673974,24.377588113723675,22.075943707874966,20.080931040000003,18.214228335756182,16.112177032428615,13.686019405668189,11.2240527,9.021156123763031,7.185052537006275,5.904465000441266,5.4579913300000005,5.731075708578849,6.1525388799833385,6.264660268958962,5.988657980000001,5.31822474935685,4.265993909016432,3.0917807995457,2.0671608100000003,1.1849383277227514,0.504854694563343,0.4109162321688347,1.0310049600000002,1.8131477447734883,2.130827663086431,1.9413775494639929,1.56569619,1.323922422169467,1.6344042522006634,2.7921627745101976,4.426530860000001,5.6812538215119,6.010989116742361,5.6476214377296925,5.29194549,5.428693188729282,6.0426153047402895,6.909935795007627,7.92762635,9.090711685983806,10.126092576587586,10.427988338720638,9.785526380000002,8.774083800449363,8.062604581762804,7.851103648757862,8.11440703,8.783854923483394,9.548041335302907,9.99606712413573,9.97855458,9.662058781160646,9.380286825050032,9.245350426719298,8.76000353,7.314211006612975,5.216586043887758,3.546999883041108,2.8406382200000007,2.6885136132735026,2.6699333898095206,2.801564998004936,3.07909342,3.096104616918827,2.2140619192763817,0.4537109924272547,-1.0887625600000002,-1.507890649773445,-1.222975003381022,-1.076269960368913,-1.03550375,-0.4835465107632994,0.7712246364961266,2.3987048344063138,4.17253087,6.009013020590175,7.003745402744425,5.296174395336775,0.39529896000000003,-4.945130414837995,-7.56835968108305,-7.518151761928858,-6.379268210000001,-4.9236548693794715,-3.120425468359976,-0.9107525606803691,1.03615231
15kg_10bpm,9BC,-11.0322096,-12.307466898943382,-12.782506858239683,-13.150564372912365,-14.305573344493997,-16.546764174397815,-19.17736770358197,-21.002449418678477,-21.244185022271687,-20.058017326566194,-18.28125842231762,-16.748649093579004,-15.78040347496641,-15.174965892476836,-14.57274207405407,-13.787416670225642,-12.859482399433988,-11.90628161754098,-10.983374577818427,-10.076931960229178,-9.181437742659442,-8.338505863187532,-7.592678978700009,-6.947408800516552,-6.382523715882946,-5.896568180000004,-5.505956252163932,-5.201116579180471,-4.937222574200427,-4.683146163495381,-4.45033734745382,-4.247293032463181,-4.031896742441829,-3.7414046775069547,-3.3576470807260144,-2.90971123510079,-2.408103156232757,-1.8161257382391707,-1.1104006863803761,-0.3442990720836768,0.3746837457636487,0.9700060969282431,1.4564119301184482,1.9174338201331451,2.432175180857249,3.032226781185693,3.7038794316270165,4.403774183061095,5.083258051128131,5.7066386044081945,6.253386929999997,6.723702116928298,7.147346746860869,7.570045249782704,8.019657731412801,8.490294796881262,8.953635105902594,9.37617381987141,9.722973471874043,9.95975005180088,10.076364565444583,10.101408064551691,10.07088615643346,9.987921212915388,9.83728233736208,9.642467640309288,9.492381890031556,9.5046876185564,9.753956606396406,10.220232848339077,10.799367409774085,11.361647661788401,11.80507952435529,12.077179608132724,12.187664214834404,12.21640325,12.268732843991744,12.380528439673439,12.465439758422978,12.368559818529645,11.98769672187388,11.377148054837816,10.774449697372834,10.498574555245398,10.707409753843452,11.16132285282925,11.268495015463351,10.539778287582083,9.134076461574738,7.863397846479865,7.5145342121670415,8.089698831282654,8.688651069885712,8.283499557593348,6.685455902307749,4.666778536959382,3.170506391070062,2.523803862125754,2.3507588029973556,2.0817964319979825,1.47960218
15kg_10bpm,9CA,8.3607962,10.684733965632754,14.274465566330507,19.442531706494705,25.796893012252614,32.062917881488474,36.68468302231332,38.59098166561474,37.75311605389294,35.36443366426355,33.04878974239629,31.535583796389965,30.32566712668791,28.672222198371195,26.45478782400298,24.02719422696278,21.613757099598295,19.08364793486878,16.284154013437714,13.380243454755194,10.726583541243118,8.555860415088107,6.8669478529126,5.40070039373448,3.8404862950401584,2.20683046,0.8023637564659091,-0.2543834457432983,-1.1526626033815106,-2.0139886978157246,-2.6063182102808136,-2.659277954155338,-2.294916367236525,-1.7983745363328976,-1.0999703406260977,0.043303944089718376,1.3879166008149533,2.3750220211042765,2.9575989052484575,3.609286304783195,4.440045589008842,4.932610057902277,4.789782667009507,4.423581767033917,4.32089379738049,4.397485913436738,4.31501437738058,4.097818198753094,4.164189172298896,4.754345712952887,5.51062493,5.89464175656644,5.8980751823882205,6.088318420651661,6.93079847317171,8.17016566719962,9.121937203960327,9.543033075522251,9.764851916851473,10.012241474725851,10.104003493208735,9.823577070588403,9.205781926617208,8.472471266684728,7.947001617927917,7.648090434841943,7.13982655853224,6.3573483748679,5.8906677357586945,6.010517725902678,6.22707109964446,6.043818714198353,5.478416613138459,4.773959989296042,4.045372133016385,3.24571599,2.2004291768553896,0.7138226956140299,-1.0675292108988712,-2.44225486182262,-2.806904938904098,-2.4042112154499327,-1.9770649880324536,-2.0991780949602177,-2.695777599811524,-2.856131832956093,-1.5672835994723788,1.0477881292071927,3.4699480095995674,3.9250567606477045,1.654308859234232,-2.387951718428202,-6.126895774104029,-8.480877176520579,-9.824593487827613,-9.759151539470395,-7.666338359602339,-4.582150138226206,-2.235635730305153,-1.3815666626085124,-1.54862505
15kg_16bpm,10AB,1.94444525,8.05236194653177,16.70199809050069,27.03346771128001,37.12288611173178,44.80869575252543,48.86742168400707,49.514241891448364,47.914522028184116,45.32863329319989,42.55585706048088,39.87201336456987,37.25553251641929,34.60048224909132,31.794391929337724,28.723562485756748,25.303351570149424,21.55065214130857,17.609350982723743,13.679042625156262,9.92039001791723,6.405014446173541,3.09457591025984,-0.15407824294555672,-3.53125327633147,-7.1809769959145315,-11.129055549178235,-15.253497358498219,-19.301794807229648,-23.02012462363826,-26.35731345448526,-29.52518339332262,-32.78558405625839,-36.146956226732726,-39.308070130474206,-41.89795389380175,-43.721449178844374,-44.80914059337594,-45.33118899307641,-45.50837175515429,-45.56219276617121,-45.66615402810325,-45.88988106666494,-46.18732085407316,-46.43265457224016,-46.45894667215533,-46.10346066385901,-45.27103795584726,-43.97595413504992,-42.33430306117575,-40.50311045203382,-38.57190538788146,-36.48847997970314,-34.113610038505065,-31.36578864060505,-28.3115075858652,-25.113249341321993,-21.914700714526905,-18.81255778617085,-15.922486672211837,-13.39889166830014,-11.345943848191219,-9.732631037240498,-8.41632859587628,-7.232984511986873,-6.062414873753491,-4.8429501813781,-3.5785176055677232,-2.3539129019375387,-1.285818112758565,-0.4271190722727458,0.23143169660535462,0.6758393670650797,0.8660586610674089,0.8330884302983489,0.7241722040111008,0.7014084922758812,0.8011571209406827,0.923460248091611,0.9520177722652466,0.8725425979822277,0.7759941707071464,0.7589826467813598,0.8460812331276398,1.0251193645485142,1.330551106362987,1.8274253644952203,2.4787489879802993,3.060772374975922,3.2514683450375896,2.8418085933529547,1.9287852505303302,0.9415831114481834,0.4383556510595513,0.8380540046207624,2.1836206166359617,3.964877254652929,5.240824428569318,5.187608609583551,3.754999942792467,1.74180085
15kg_16bpm,10BC,-16.75232959,-17.087685650550668,-16.538502244910124,-15.57332339130748,-14.901636379645936,-15.13592664,-16.439880587271904,-18.412966128775793,-20.30916793059018,-21.437571408963823,-21.47986688,-20.556295961051582,-19.070479494557468,-17.482832395376917,-16.140733824065517,-15.21122363,-14.698364442163294,-14.507356092161597,-14.516936871482597,-14.625448996540069,-14.759237440000001,-14.860212021926557,-14.87587315116615,-14.761276143167564,-14.488000813999275,-14.050779830000002,-13.467897795183163,-12.775382799032652,-12.012822377018859,-11.203170393316391,-10.341883330000002,-9.408170813800934,-8.390558084311792,-7.306505455021816,-6.201328603982626,-5.127268440000001,-4.116822337987167,-3.166904896755056,-2.242918846692101,-1.29836613865011,-0.29609642999999997,0.7795100523335422,1.9217609513022358,3.1111389638709226,4.329282553236797,5.56520574,6.80628005708267,8.022439739680292,9.161749929646898,10.165953378773454,10.996255330000002,11.649781274870977,12.156029923617355,12.560085623336994,12.905272229040948,13.22297298,13.5317646984948,13.842895333419282,14.166452265609326,14.51478775036155,14.901090620000002,15.33243054480995,15.801971696753572,16.2886014440124,16.7659943882286,17.21632638,17.644039578004104,18.082620582185122,18.58339704575953,19.185228638815765,19.88232999,20.614674500471914,21.29228004588834,21.839891843724843,22.23378936878888,22.507903850000005,22.726533383949196,22.942512858269648,23.16662639983826,23.366314118687914,23.492779060000004,23.51094091514667,23.405226011171607,23.158605634766285,22.722238104544875,21.992660800000003,20.8113873782606,19.011685419057702,16.530442291066894,13.534319629298375,10.439808280000003,7.775367195837452,5.950953790335537,5.047886606967276,4.770510190362049,4.62565242,4.207184558404242,3.3823430090681437,2.3003798691342707,1.2594581258644393,0.52012317
15kg_16bpm,10CA,2.4856223,3.9800813782393742,4.889057083150221,5.578378379990599,6.786317847524969,8.960197452961454,12.384833824378932,17.44453034521324,24.35893088663483,32.650378332356965,40.899164042400834,47.200167443317156,50.14290753435939,49.54396721644357,46.45001833734792,42.52226103545841,39.15124631103199,36.82196345935131,35.08455173944955,33.03373004171274,29.962512122918206,25.781634433607497,20.930548047393597,15.940336447323949,11.12209453938659,6.59813909145292,2.4513242599237284,-1.2425860903626966,-4.457343064663762,-7.226378593442835,-9.591282687197465,-11.528652481435124,-12.94826533414111,-13.795828943412843,-14.181259538505163,-14.393252681855063,-14.712664953984826,-15.142198155753448,-15.34250535452058,-14.926620737165555,-13.833213890335335,-12.36561792613126,-10.930902287113923,-9.811680601171863,-9.114440208187906,-8.759131684793381,-8.445996886267002,-7.780097091972229,-6.594853981563908,-5.161459262728551,-4.007701820000001,-3.501259015323069,-3.58888836497833,-3.8700480135720436,-3.8817313960715096,-3.358964618894417,-2.3102349427418236,-0.929992911056523,0.542652169378289,1.955737150198313,3.304431540720198,4.664875310667387,6.058261737814359,7.425019047381938,8.726706708687002,9.937093975076307,10.906052522996363,11.417520971133383,11.49419756988605,11.49936601480191,11.7880842811004,12.363960085639253,12.99212232260551,13.46002802951033,13.593412370011134,13.182744331235403,12.083722362035315,10.398311231668709,8.483220836560998,6.7194643632907045,5.262097594469232,4.065494737847483,3.154746877955524,2.766426029700247,3.104726493951051,3.941385776319547,4.742179076163499,5.343070049258334,6.245972515833956,8.072849769939852,10.593592584781858,12.261153696517237,11.110504888638602,6.6661056555516724,0.9984274665450292,-2.757053086914024,-3.1645446403473763,-1.2508804185279538,0.995150220964152,2.210695458411767,2.1845627
15kg_16bpm,1AB,-2.19712096,-3.1528397662239196,-0.4260937128225067,7.108269271837651,17.674008582113952,27.53637728820818,33.662793052785275,35.56473740605662,34.74568074997793,32.9572424052576,31.21288301756381,29.8666278284087,28.96134145038048,28.295776207551306,27.403956614768667,25.853457768337904,23.743459872972416,21.676502804308033,19.895537225204837,17.673990231465215,14.121954573236373,9.574554604753589,5.5264745512504705,2.94763410747413,1.272884951229937,-0.6738069500000001,-3.3115266996926302,-6.188233311242089,-8.858791850250116,-11.413620605238995,-14.190434835903629,-17.27153495997949,-20.420504712089084,-23.455755456500707,-26.477031607474476,-29.617802312005832,-32.75700687373793,-35.58161535291792,-37.81816196546199,-39.40281094137536,-40.5079826943456,-41.35851421291508,-42.0129505848353,-42.41604656287536,-42.573112723693285,-42.567788184000946,-42.49667921403126,-42.39823597181112,-42.18143819361833,-41.658931669589606,-40.72251382000002,-39.477861213973156,-38.20648327936828,-37.1709349659452,-36.40137834754082,-35.692477598052115,-34.863032174162335,-33.9626575878974,-33.14946140743702,-32.44296650537565,-31.690645985857895,-30.775656632183654,-29.791840410921353,-28.979542398366927,-28.54683830043969,-28.523561957892632,-28.644880456783458,-28.39507642981392,-27.370843371113438,-25.69883798103208,-23.981299077910744,-22.74938645139822,-21.990274765110055,-21.202961340361604,-19.90238592627808,-18.04416542,-15.963196714944516,-14.025005826252675,-12.364538296959847,-10.869884463233282,-9.38505787939188,-7.853568405338013,-6.261307412514514,-4.604167556584553,-3.0403685175270114,-1.9380900502458753,-1.6036025809913916,-1.8998856215933484,-2.1618616555260544,-1.6596632369332571,-0.3013921677226462,1.1197587919672662,1.5485076117991399,0.7863132356892678,-0.012376754597709027,0.6152085796543459,2.7586727748697326,4.843090350208289,5.126019021716611,3.3816194066860388,0.9623996
15kg_16bpm,1BC,-11.21628329,-10.660474151512238,-10.475789355818648,-10.684515815700419,-11.326808520561858,-12.525854673731999,-14.336004988930965,-16.57759584897534,-18.85188629094978,-20.713358998741228,-21.855901777178353,-22.213021015895624,-21.933478016485488,-21.265295966772857,-20.442744256642413,-19.643718799941265,-18.995288361328182,-18.568979729685058,-18.349614043595597,-18.215663776533347,-17.97891629055833,-17.480633953438453,-16.682466376812766,-15.684478158389235,-14.6499141066265,-13.691936330000003,-12.808933866335668,-11.910902785370137,-10.91004322025786,-9.798317078445594,-8.649605690719486,-7.555563127029437,-6.5579539881187,-5.633106644528228,-4.731531156996495,-3.8288912785416214,-2.941408480630504,-2.097483545971895,-1.3003263758246133,-0.5187548558781732,0.2908440228923378,1.1567627391370228,2.080407548276938,3.038446069988957,3.9856816124512293,4.860881712010136,5.607289318550485,6.203871491682144,6.684144647215357,7.121282488461733,7.586963030000001,8.117477763887191,8.712329470841627,9.3567836183212,10.03927951831319,10.748180940731492,11.460785363867535,12.141943317297883,12.75366740240922,13.267197968002263,13.66980435484053,13.966169558504475,14.179356650459727,14.352993554144371,14.54646823680074,14.815492757238012,15.183201160289702,15.618791404369274,16.040146912033588,16.34507926713751,16.45802948639397,16.363747002916426,16.102716353988303,15.736637521382264,15.318751612040725,14.89205742,14.508682616349311,14.242929869152448,14.176096068095513,14.35747303898235,14.763979917634163,15.279035717773123,15.707285933424844,15.838698632824803,15.550571739235599,14.887814810681839,14.033085774143048,13.15188959574692,12.235226506961679,11.09099651033454,9.50966442916968,7.473474790131354,5.232188425474069,3.212997817124882,1.846429952273263,1.3515042700468354,1.588312346126677,2.1143234781441267,2.4236949886319135,2.222928486612032,1.56622136
15kg_16bpm,1CA,5.83356497,7.968431671530637,12.06982146306304,18.634503943030293,27.44435891532841,37.27500238170672,46.197262423131455,52.37516036696929,54.91914443134193,54.23265122680465,51.64597984115522,48.6300641117353,46.07134956187042,44.011723933868176,41.969350134084735,39.50749549140858,36.548827636072005,33.28025240339062,29.91215690078923,26.556739294207222,23.2479806027086,20.015650732715883,16.90284162505137,13.877128667312464,10.76828236597363,7.39943485574036,3.814709636801727,0.328055342675432,-2.6890912501306508,-5.086600020277523,-7.039850676091031,-8.898906449705926,-10.892494820464814,-12.912374603691179,-14.547853677252279,-15.350876227352495,-15.143776738879199,-14.137607823199806,-12.778305335452167,-11.461195019642483,-10.320527101284153,-9.217439168101828,-7.93510742514704,-6.440704358744398,-4.964620386832389,-3.8001023059810746,-3.054766709930311,-2.63514955489855,-2.4142944201459127,-2.3335826681434453,-2.357935469106664,-2.3994777091047457,-2.320580562273738,-2.019548665791574,-1.505351259017194,-0.8613269196160239,-0.12769696438193953,0.7651516846329268,1.9244054327784605,3.324309982202368,4.704850186137191,5.670107527421569,5.92410444585689,5.468953244872364,4.653255401472723,4.022004447211267,3.9983549207339877,4.6325020883406145,5.651729932232762,6.720619204651999,7.644626702658007,8.405877754439322,9.11003731786129,9.903708744286108,10.875843307028672,11.993444717179322,13.091078856042227,13.893082006110095,14.097472122636123,13.535370117526089,12.322044398186401,10.919850776596515,10.082393897644257,10.57136349311013,12.589953442575538,15.303865158649906,17.088759416447214,16.509370525380888,13.163562055526617,7.845228002384013,2.251219691660902,-1.6811877436312748,-2.8235710069143285,-1.5038361739394732,0.963460620435702,3.2595051187807447,4.578607511236813,4.6528588302897536,3.7280947458875127,2.3999102890513018,1.21826343
15kg_16bpm,2AB,4.1323967,8.392896761240902,13.838834141435644,20.269468704455317,26.839165365400632,32.465926213908396,36.39089358973741,38.46077310700558,38.977399844738876,38.38311536230276,37.05986458000001,35.27618041207995,33.23107527402077,31.122265251766784,29.07542104117423,26.94025223382934,24.269105122611958,20.669946284348306,16.242339492735663,11.586143706071734,7.28184028,3.3853727553107325,-0.543964513109377,-4.990742758967727,-10.03454057508037,-15.21303153522473,-19.787546529168264,-23.27531186906431,-25.846081342825915,-28.163409555842218,-30.79268703,-33.793982696230216,-36.84616327061355,-39.63871815765482,-42.104148493299,-44.37396547839973,-46.60749447608131,-48.84866956522859,-50.97701105474387,-52.73303261704397,-53.813955140000004,-54.0669863025333,-53.6315450426033,-52.84833958999153,-52.04377258679064,-51.39655792415487,-50.909109936936815,-50.42611896425817,-49.71221566458628,-48.589702924754334,-47.063025530000004,-45.33792166586005,-43.70288276625834,-42.33568589412827,-41.1823071144882,-40.018012790728534,-38.61721940247763,-36.89969478773253,-34.98298747920587,-33.08407682916693,-31.343540670000003,-29.745730199443866,-28.169702614838535,-26.496842070996628,-24.72397284907689,-22.994951501220147,-21.473420158953566,-20.188674243799124,-19.045146352032372,-17.94758034218856,-16.86619749,-15.812822148878729,-14.80162202056377,-13.834067538379383,-12.910115489718192,-12.031202609091398,-11.190287227653792,-10.395855679953698,-9.70146036908947,-9.164256325488527,-8.74639574,-8.284004777671239,-7.610011124892973,-6.7123254407357855,-5.75643638214214,-4.973654067020037,-4.522469839327562,-4.373470293188699,-4.267890947360536,-3.8965652153267967,-3.2341728800000005,-2.537202433256817,-1.8234005864696936,-0.631235863226268,1.3893613475105595,3.8137311631656114,5.58369003412837,5.835211694736036,4.5691132368497405,2.573660457771346,0.80293063
15kg_16bpm,2BC,-12.44550002,-16.381227602942126,-19.301764089256068,-20.62564072756697,-20.430212227439917,-19.48693270862865,-18.872853452255875,-19.336108055190405,-20.88591422100211,-22.9128988558131,-24.662666366828777,-25.639377420142754,-25.716760126799826,-25.032601123487797,-23.842516429437115,-22.416709097406144,-20.972725065203612,-19.64479052905853,-18.502810621011665,-17.59380124405163,-16.947527198755584,-16.535825000455635,-16.241665074482388,-15.889455004942716,-15.327199454441445,-14.500238915175974,-13.463853058689999,-12.335710842311348,-11.229605495408713,-10.213290408420542,-9.304397296257834,-8.489335337815012,-7.745263540909942,-7.051487365132084,-6.3847931375556986,-5.709609942613874,-4.9825990129995406,-4.175440312884681,-3.2969760897780898,-2.394568414123678,-1.5313881994429623,-0.7528257561296606,-0.06198392790860787,0.5805506791439019,1.2315803636191438,1.9297499016896191,2.6715555932654844,3.4148120008132996,4.109933715763143,4.73853268909641,5.3292215,5.93812261529598,6.611672155747222,7.36235768965276,8.172220441705594,9.012950943162469,9.86139719681395,10.701331433443535,11.520646268469235,12.315864449228025,13.100863545310526,13.90532511859844,14.756244615171719,15.654340274010428,16.56440085762582,17.429505676179073,18.20378507529079,18.882413074273998,19.504014216701425,20.122345253764077,20.76921856929195,21.43359769044528,22.06665790305509,22.60686715318126,23.00825376033584,23.257601537396223,23.379275323816092,23.430429796276602,23.48497142404397,23.60613377275613,23.814434350396088,24.06483607102874,24.247452629134038,24.21636593091806,23.83603586314346,23.016667143438493,21.709150414351228,19.865522428331158,17.428825888842926,14.411884505567494,11.014693405238313,7.648770960987433,4.806876116254016,2.855685797582664,1.8631937303340356,1.5548012305777161,1.4728445998590864,1.2574945952946912,0.8155190679761763,0.2747763816264261,-0.16761809
15kg_16bpm,2CA,5.64767754,8.072451864344567,11.932358056259448,17.448417421906203,24.406069927214418,32.03817995516269,39.17701633816121,44.689963869858545,47.96216650684418,49.0715527683012,48.59153361702346,47.26445742746438,45.73409012379991,44.36600804401651,43.168919626517784,41.863509418657216,40.11387804237019,37.781372948231464,34.97786570607974,31.906785557705152,28.714080844136966,25.48726747230137,22.297937594054883,19.151129059269625,15.92267876521487,12.459205048613063,8.785294229308008,5.174063701457919,1.9834346595914023,-0.5946483680955824,-2.664400933882538,-4.52287824118187,-6.395900127412999,-8.25332856636582,-9.866683333193038,-11.01579416265477,-11.643212752472913,-11.875410635502414,-11.919820272349313,-11.88272708030042,-11.655235852205003,-11.011666800214215,-9.865570427962147,-8.422428547371124,-7.049206360420082,-5.986953965387806,-5.179246167331271,-4.366149314656601,-3.3664232308488677,-2.3069857367263418,-1.5743522000000003,-1.4726662265541934,-1.8771739868240824,-2.2485559359139504,-2.0216620386163195,-0.992545940799697,0.6192482578306793,2.3904605164030355,3.949373113884139,5.111626795735408,5.91151829274473,6.562733904594393,7.320043837905846,8.277912128651307,9.264856252943103,9.978379601895789,10.290563550588486,10.420450287921188,10.772223516215028,11.603042910326135,12.82521169952252,14.077383535111375,14.980415841687847,15.391749391199351,15.48424411848712,15.589452826153138,15.918206409952216,16.368690654924595,16.60236301505863,16.385108034704754,15.880864522158115,15.543106965234873,15.65439721058652,15.936389343271184,15.651518750497985,14.245171805966944,11.956691611975057,9.667247944162431,8.056967974395892,6.961828580255507,5.644639528552977,3.7132034896999713,1.6280604036563726,0.12551701272511528,-0.682196011584949,-1.219597417237136,-1.6706134337202754,-1.7092424002573754,-0.9184068561356806,0.678505677980505,2.46422669
15kg_16bpm,3AB,-4.44975775,-1.586625279625886,5.092954140192401,14.658513286208976,24.616359947348325,32.2562094135943,36.21460298168165,36.94267713875134,35.83224001582509,34.07900496411677,32.26453362091996,30.554737220061693,28.954798786236932,27.3754168104965,25.609631089925887,23.398859047968912,20.60704746463276,17.354214387930412,13.987812296004455,10.888512169700153,8.235694885965408,5.914246257481113,3.6217459352146735,1.0398259354100825,-2.034508160424517,-5.58899525,-9.36778022726242,-12.969562208761314,-16.05436918804835,-18.546591932520577,-20.69313193190845,-22.941523247010203,-25.693669935747835,-29.03399992577942,-32.64633691648546,-36.07340170619093,-39.075656898442304,-41.69602839965345,-44.03172044872688,-46.040511928724634,-47.56634631359131,-48.50197152207682,-48.92153411617511,-49.06556693424581,-49.195013506072286,-49.4515580670697,-49.831763813809374,-50.24492649173605,-50.560804511739384,-50.62221009264169,-50.26441892,-49.40416990593019,-48.17375792331958,-46.92048773526258,-45.962365470316264,-45.29883601697736,-44.58880074310772,-43.4478581055731,-41.78334322180544,-39.8256290075472,-37.87710726556697,-36.07181953435595,-34.32454695662467,-32.46958793622218,-30.446142926828166,-28.360738385572077,-26.385292421669575,-24.600953243321587,-22.954498448362962,-21.35942717569755,-19.808726516158448,-18.386881037943827,-17.193726039741133,-16.26263971797118,-15.549662838651614,-15.0008053,-14.626991382816682,-14.489938603604113,-14.58727893581973,-14.755424676649639,-14.731085037223586,-14.34633624878029,-13.65339416571009,-12.870808550860843,-12.233957716371236,-11.843914902028617,-11.576475596291917,-11.147687799530102,-10.336457382041619,-9.112425250295768,-7.407058711481157,-4.956708089841422,-1.7726473293084022,1.4673373714280327,3.7642645442838196,4.4783470415458115,3.7426244567649833,2.319205655416861,1.0406771011580873,0.3397311606715024,0.19221842
15kg_16bpm,3BC,-13.15886326,-15.76549248391722,-18.900795719733733,-22.088991958838964,-24.9575056335957,-27.305623301509684,-29.064466262362146,-30.204872802655263,-30.707446916527605,-30.621691816743134,-30.120367141414647,-29.459866331212513,-28.864592490354248,-28.432392208004533,-28.127285537786957,-27.84092854718731,-27.460491226830538,-26.899399609671768,-26.090634297636274,-24.978000830975112,-23.540603993267123,-21.83678488676359,-20.008769687699417,-18.223092567407637,-16.591050692458694,-15.128937264353326,-13.782715757656913,-12.492897134880753,-11.245652001052175,-10.073875825057103,-9.015305226484488,-8.064438873994325,-7.157709823378054,-6.2054914391938425,-5.146278634273739,-3.982945490457706,-2.7777882663781615,-1.613593326777849,-0.549268231000388,0.4011001167122512,1.2606771752383477,2.0711701414967676,2.8753959180193958,3.7019164598815713,4.554519167619295,5.412439991751954,6.241183665403253,7.0058694257058765,7.680613550759812,8.256409956358025,8.74860738167472,9.195072985603455,9.639011412584019,10.1098443520063,10.622267419749948,11.191378316794031,11.841345552568987,12.592489072843593,13.434495502228996,14.31024267874581,15.133025155379253,15.833832781187166,16.40518812698395,16.90701375589921,17.428000385493664,18.02627338338971,18.68762979196687,19.328026996771754,19.839038120878172,20.147888132631174,20.253890401778307,20.223089420148586,20.153816748193,20.137482962492353,20.232784228149242,20.458275463941362,20.800226232431946,21.229653040795064,21.717920290366326,22.237559326347984,22.741659707950824,23.134254329044243,23.262865966164068,22.96393216853194,22.15058063815191,20.870147610315183,19.25407047661319,17.38729130106402,15.246104705906419,12.799100682829495,10.17364290661073,7.699088838994185,5.757306261050623,4.549544049675682,3.9420990168179957,3.5330426345705233,2.93550802712369,2.0442838719412117,1.0533994048346684,0.2533546429648494,-0.18339676
15kg_16bpm,3CA,10.03918613,13.584296610268089,18.780603027095758,25.42994178756644,32.6779289894236,39.32818370910749,44.414577079862305,47.57518930562282,48.96877586561954,48.95264878672896,47.894285771527024,46.16951688776169,44.16293881264436,42.160487184126936,40.19588614354223,38.023654360952584,35.31548825064664,31.96005621783767,28.205032722434314,24.497056398306402,21.16825032350404,18.26048656656291,15.61175702607354,13.05010859440087,10.494851812763109,7.935569569935502,5.389869566445694,2.9002457001770265,0.5305240440010874,-1.6598010912586298,-3.619277819380019,-5.278170826521447,-6.560692267467527,-7.468473691558313,-8.142094343149735,-8.785635810994108,-9.497477737648271,-10.197506899850193,-10.72643915569365,-10.972523651626599,-10.89869395761572,-10.524406550740228,-9.946794930806902,-9.361968097437494,-8.982614217759563,-8.866378975121195,-8.814634674340496,-8.484275244345728,-7.655482977336165,-6.41581498339429,-5.101912484015008,-4.081477018302461,-3.548281262215891,-3.4094507953687825,-3.3072103312025183,-2.832945761742394,-1.8276906124589822,-0.48084677044400204,0.8811962028690008,2.0828154209899923,3.177494902483428,4.295316776661868,5.468347442325862,6.6011446765852,7.589538381659676,8.452840687199814,9.329974604466358,10.332591327082715,11.399278473432382,12.302809059865009,12.81868852200322,12.899336273809878,12.691780574233157,12.402952694133596,12.183349350763367,12.138342066731227,12.367315162251563,12.895933513376887,13.538826390802068,13.851543880808299,13.304942751808301,11.6508945633172,9.213414198593771,6.786009419994391,5.140736750226256,4.601752908803474,5.030496352279044,6.0499609061486215,7.164832199856734,7.722540270255113,6.9977429342637505,4.647206156735777,1.254917827668232,-1.8049253056263672,-3.3968866372100277,-3.4452456515040852,-2.613847309305083,-1.5054825119646622,-0.3182411988642291,0.9767831849387499,2.27872691
15kg_16bpm,4AB,1.65203463,2.983766103074555,4.931813554837882,8.11566944621928,12.701754375090754,18.21953984954096,23.70705005551985,28.113340027463895,30.757892105877378,31.611045936059984,31.20678717691099,30.265875005349297,29.331933347751058,28.60960881276669,27.961220187400613,27.011115866328005,25.377868924512835,22.916014242924295,19.786967691874466,16.36581273296102,13.082046532338433,10.216351723839207,7.7435999974896905,5.3968023735088195,2.888816576528615,0.06235038365893456,-3.0938175246721586,-6.4571113959472335,-9.795786437447463,-12.886946086979806,-15.69809865065606,-18.455097914825956,-21.46361159364097,-24.82500689912972,-28.353768258862427,-31.784789266370925,-35.012415615442364,-38.08555784595509,-41.03560805575451,-43.795368556463174,-46.24186867726142,-48.246311592119106,-49.71616573693004,-50.64558931844844,-51.12024662139225,-51.25967262131389,-51.14456056921777,-50.81913907745067,-50.3560901244046,-49.85068963789927,-49.32623093000001,-48.679126142935985,-47.76225773928526,-46.53952197544097,-45.13645790405724,-43.705398852318936,-42.24920396640012,-40.62632699676174,-38.739771782890756,-36.69992758103032,-34.78951314571593,-33.228164090782755,-31.94271024401857,-30.635428125663736,-29.13495963262523,-27.625181910012248,-26.45234352050563,-25.713731525548223,-25.095363347868027,-24.148167793141283,-22.711348452255017,-21.023236325616153,-19.439327671708106,-18.101046732036576,-16.86681096938791,-15.50540432769432,-13.940030215554266,-12.362210460048901,-11.110984768132788,-10.353223784230293,-9.85853062885796,-9.185050854634447,-8.167296317251983,-7.146895425765886,-6.622845989586153,-6.713407485172765,-7.013256522819552,-6.935166170902303,-6.174489383201311,-4.947410382650496,-3.870111946015667,-3.4853961344320283,-3.6589445840233403,-3.428158495036566,-1.7920678629306264,1.1966643176630138,4.250949836044412,5.812502195169564,5.270805796759155,3.3119350062525594,1.20361223
15kg_16bpm,4BC,-1.79029162,-1.9710544743453033,-2.1814623971414933,-2.792647505837128,-4.233690317099292,-6.777886118956398,-10.388733001472438,-14.674185750645217,-18.892515844488052,-22.080872614840885,-23.43861943891581,-22.815990476671814,-20.942758174843327,-19.108657893039485,-18.366447108089783,-18.84914767932936,-19.838000577542033,-20.459960741310617,-20.28618322134322,-19.413320126392918,-18.21682594,-17.097051655673475,-16.31970794424497,-15.935061470845042,-15.79441530674536,-15.669345248663587,-15.394576332998032,-14.931883623763037,-14.336483303419675,-13.684886961067736,-13.021215506633471,-12.349338617217748,-11.661010745256853,-10.964874019121462,-10.293985811457125,-9.68670873948357,-9.149401026193324,-8.632421596771126,-8.050142145185061,-7.337274282875576,-6.498809750000001,-5.611867092651673,-4.776567556669087,-4.055211251555534,-3.442419558192246,-2.8762097940916904,-2.2688758063011307,-1.542669943932999,-0.6659101120748372,0.33309244159139273,1.3937910740178212,2.466839298481987,3.5278593726709433,4.557961761999564,5.5298886711017845,6.421960410011253,7.240887045684996,8.024352963602734,8.814651270255448,9.627380693119687,10.444995410000002,11.233658065778728,11.961932980858638,12.610234034061119,13.172213119096908,13.653481368675113,14.073198433834046,14.467357137996533,14.880233789924842,15.341114737149915,15.84596481019765,16.36076953663123,16.84353096868611,17.268585600595763,17.63705573683966,17.972525096027617,18.31161222031911,18.687475627484325,19.100412302175386,19.496362861475934,19.793212270000005,19.958501728773406,20.07176923627925,20.296654923639824,20.767679008056238,21.467762871836698,22.174096927880928,22.507076282477147,22.075083083291588,20.67062587466008,18.388283251687334,15.533831653496875,12.433841782838531,9.355008538538634,6.53514977112431,4.210394045241246,2.5419988611242874,1.4910442216304929,0.8530705752057219,0.44640268244718556,0.19737656
15kg_16bpm,4CA,17.45538481,21.445353894762636,26.82114904677442,33.65459354998717,41.10544164787459,47.647506644097156,51.86045296782984,53.16442175342098,52.030181781313374,49.654537691645956,47.32621056648915,45.79335280578621,44.991639259927766,44.321119515915434,43.2059467672531,41.41694706173619,38.97670194480122,35.92905766936637,32.28355584937851,28.153246549469404,23.862392906979863,19.84826048525823,16.42389586107313,13.606841635401295,11.146677755676695,8.731846420000002,6.217402900674687,3.6797452119099727,1.258720309529572,-1.016400476996343,-3.189105537294679,-5.189089062571506,-6.790521382310057,-7.829326972522176,-8.434102521490134,-8.958092065027818,-9.616725938425612,-10.201121602779551,-10.232193150123683,-9.453679118052047,-8.11919615704514,-6.737919422498459,-5.592932731137103,-4.563937768783899,-3.3790879703211383,-1.9537977256015147,-0.4744133942231578,0.7802818300149852,1.6611288830542998,2.228086591113884,2.6720646200000004,3.2051548387427635,4.001565234782152,5.129779569519833,6.45904025223871,7.674353627216319,8.484088672384814,8.851741173617594,9.020294333130892,9.330497239692528,10.0129059189562,11.07589793431387,12.303660635252822,13.368927725491362,14.036280589616648,14.311472841584118,14.385671360632154,14.44850771594096,14.570578934888935,14.708992845482815,14.76556021612232,14.660194443886683,14.387838045242972,13.993629724841897,13.501693147788844,12.927575730000001,12.351823742872583,11.879441029131595,11.476640086057355,10.912293945221856,9.94355357376623,8.58668088991034,7.162224684989513,6.018281638328415,5.274420610144446,4.892925113161371,4.9065436723219245,5.375058955013765,5.996452919344423,5.882055179575691,4.045591414956323,0.4216531820249044,-3.6211903419452787,-6.154321225051755,-6.375292610565645,-5.160298396145065,-3.8821397957558013,-3.149231606134353,-2.6530389682949163,-1.791852882518259,-0.32272351
15kg_16bpm,5AB,-7.19206556,-3.9235301240018634,2.4473172890485566,11.038222972973157,20.26785281645015,28.406156403991055,34.12634456534801,36.84496967185262,36.77470636128854,34.799708311086725,32.18116728405184,30.022315470173353,28.75175027717461,28.078857083897656,27.429718806492954,26.367109697394405,24.68850456210565,22.370514536187383,19.5584571429766,16.533333458243977,13.551754839491812,10.69551652427831,7.886371645197365,4.991770617632849,1.8854849223824066,-1.5285871600000003,-5.274372677834957,-9.272652925391476,-13.335305418099997,-17.182388104789933,-20.565676375740395,-23.486353869578597,-26.25351806110595,-29.23646600141421,-32.54024917692888,-35.94745896971675,-39.162895842833066,-42.05867495595994,-44.6712409182954,-47.022709131052245,-49.02222157529882,-50.54263063990623,-51.52713504337216,-51.99158388001723,-51.98314365198776,-51.59017843715514,-50.92268171131888,-50.01185308305247,-48.78200599375059,-47.1938741807939,-45.388240610000004,-43.62394825688699,-42.080698771281824,-40.76504507730107,-39.60585231695955,-38.592750269099504,-37.768442451208855,-37.09419349567997,-36.38598675960699,-35.42393917754192,-34.13355419186721,-32.65000568560845,-31.183368096103795,-29.81400952471298,-28.426785238429403,-26.8379938873493,-24.970885348665615,-22.9161322273851,-20.84945304027976,-18.90256706413014,-17.10871649965751,-15.448598337186136,-13.922484294599611,-12.582861543594209,-11.499078570551646,-10.66609964,-9.947849937669881,-9.147855674659787,-8.155175487553578,-7.017747749649453,-5.881550727433974,-4.87955015054205,-4.068130323758914,-3.4201356754752346,-2.8697949538682472,-2.417679127055037,-2.229785370584721,-2.5931419116211947,-3.639059026517099,-4.9113737774379445,-5.221092189035206,-3.4106909783913366,0.4842439733208491,5.069783290658223,8.56869465188153,9.88361275142384,8.978121367982746,6.641961999999101,3.9809768769507974,1.86495806623097,0.62952444
15kg_16bpm,5BC,-11.9358795,-15.503759543789773,-18.67031817190715,-20.916812863050634,-22.020516613776234,-22.217478890756116,-22.122638967081475,-22.36785753809574,-23.195095856814653,-24.323971185211658,-25.189712471716078,-25.334440243044543,-24.652038349056735,-23.371865578678097,-21.872171832772317,-20.474877434965986,-19.32317664351191,-18.372358508295072,-17.476564365135612,-16.51457670255142,-15.468890612029513,-14.406632110236597,-13.39889004017694,-12.465832043761978,-11.589623034016064,-10.761728728620216,-10.009803401902223,-9.383504936954926,-8.917928819960581,-8.604157707731261,-8.384446374105025,-8.17230705836291,-7.8850254438068825,-7.471785412846458,-6.925876306322076,-6.2798177097993015,-5.587516019307182,-4.900068765777009,-4.2453220415449975,-3.62059909687441,-3.0013705959362045,-2.3614680825326118,-1.6958858574766769,-1.0316483394657199,-0.41468069531958107,0.12199412757185846,0.5853279008929392,1.0231309659161456,1.4965953544201016,2.0442412489834867,2.6648331159341896,3.329392471621928,4.009177991824364,4.696980437599776,5.404555626775231,6.13857580696129,6.877367692636039,7.569920658396087,8.158520447500525,8.60889848202077,8.93219225117826,9.189718881657152,9.475575341238413,9.882093993219419,10.467579290948523,11.244065832126557,12.185243346136398,13.243504509276727,14.362080927420275,15.475585979457732,16.504892779395778,17.362759458574406,17.983661877891585,18.366561796681182,18.59329825384677,18.792531652229513,19.06663990980499,19.43777445360117,19.85275094172431,20.23560867937812,20.54319110670393,20.787333067380725,21.0154884718451,21.26430382762358,21.50588533361354,21.605320878144894,21.321493343481745,20.386992470329734,18.651891079691676,16.196188590976348,13.333852433081065,10.52242565815461,8.212887565713578,6.679054260687146,5.893091364980617,5.518876096546052,5.0814994807451415,4.247103726863298,3.0120359218400936,1.6622577829225327,0.55812601
15kg_16bpm,5CA,5.95326862,10.308656292368873,18.065409615003674,28.431778917935826,39.44772569232849,48.81530880670981,54.92376914161484,57.50631659650205,57.50525454381191,56.309941902584214,54.96081433916716,53.80010341533731,52.61343509776861,50.98485743269874,48.61582271408685,45.48969313780501,41.82809938990281,37.92184025377919,33.99104142646045,30.15098650070236,26.439599206378585,22.824122314709136,19.21585675199174,15.569047417558783,12.000685366711844,8.779656848181308,6.147907485581596,4.102780301065182,2.335780218678496,0.45184026712302855,-1.6660098995471984,-3.7038877914012067,-5.157032187094402,-5.745949560973312,-5.640469814477053,-5.320830095261929,-5.213736982675,-5.381747331215678,-5.500558626203286,-5.179828905970901,-4.329352754097276,-3.1593434640556817,-1.8662813234619744,-0.4562929317972975,1.0962740012590264,2.637168595035719,3.8828012536499417,4.6602997344414385,5.052606300187606,5.323828356130481,5.718363290000001,6.30377190724721,6.959973818794635,7.50125242936682,7.830765509532537,8.008060868727936,8.18376547791026,8.474129919528401,8.85469837123862,9.123388354732581,9.002467825530113,8.392458547599157,7.59521309505792,7.219325561191775,7.7228372029403,8.989152388840624,10.386742983661378,11.277297008921588,11.477520064640546,11.280287732057884,11.109879995197396,11.18066724962677,11.41449400119713,11.571266410047151,11.426318980460561,10.916383078442404,10.17071797347724,9.365569306513855,8.533591184380661,7.530238823568061,6.217923707276581,4.717522442037465,3.3837623789959843,2.4148084098429274,1.664535742774419,0.987450036119095,0.5193903927340502,0.5206196552397416,1.1445354341295668,2.411625391858641,4.168944826169571,5.832756651126914,6.2468654801872825,4.372826504040427,0.6281209451920036,-2.9104577557759743,-4.3122126486321575,-3.3753451851581087,-1.2279069017030875,0.8521231309643895,2.06492441
15kg_16bpm,6AB,3.1446691,8.119425537980758,16.191681259590723,26.239270718245017,35.72251601853016,42.10904496756061,44.35462529834381,43.09558750344688,39.68741423586209,35.36461207744855,31.110365620044597,27.65736657928718,25.219484194956667,23.431238327945497,21.80712026933431,20.121987256982376,18.208783558436874,15.711616726947494,12.372172564315832,8.445427168399675,4.552902198600148,1.0450111371339155,-2.3851641435982534,-6.340219710711206,-10.938681449050378,-15.49146958257446,-19.081300430944037,-21.416401802484803,-22.996047713435033,-24.512849293655638,-26.277495112358178,-28.240473891816254,-30.328781939521082,-32.542099634715655,-34.809889322993314,-36.97098379315663,-38.924870529058,-40.70648599518729,-42.39117920807959,-43.998576503794716,-45.50426476909009,-46.8500907206921,-47.904396067684374,-48.47376053246644,-48.41665452368349,-47.77579760775836,-46.77882872237346,-45.66462659680826,-44.52462934451151,-43.34081558219784,-42.12044748,-40.94200803986151,-39.88800001107092,-38.950296161378304,-38.00691393109124,-36.924054042646624,-35.67091528283991,-34.295724581515756,-32.82424917894038,-31.254149116318715,-29.649908875067634,-28.164129590782796,-26.894364498511973,-25.722362029404543,-24.357975867226987,-22.602272877936763,-20.557492789917948,-18.535161847777463,-16.770888072955092,-15.240167530439725,-13.720539036503917,-12.026659635939291,-10.206214168186575,-8.515726853878807,-7.1936150198449695,-6.2329040258714645,-5.366092443546529,-4.311792204889203,-3.091239060367184,-2.02480150817866,-1.3320903444738998,-0.8336215722832802,-0.14661304099318598,0.8927221309153996,2.090745107344375,3.112970801177094,3.7541661150424344,3.9902631765696714,3.8395105235263634,3.2887846108574506,2.3584393111334836,1.1750423582812455,0.05570268067501863,-0.358592158487595,0.6839474441266782,3.258046221645305,6.2086533866502025,7.740748001614942,6.848304884590584,4.1832096673721555,1.40281399
15kg_16bpm,6BC,-17.32937986,-19.295835069785504,-18.52925014722848,-15.860622702861617,-12.754222253528694,-10.752871495839072,-10.896621147883257,-13.271968905027707,-16.98715236234075,-20.65723732967416,-23.117490324789443,-23.915615927763874,-23.326008518200922,-22.001684684429268,-20.5628094146924,-19.35960517634746,-18.48032572156703,-17.89977872414573,-17.597866161237057,-17.56154463854944,-17.71479427846364,-17.885329732191654,-17.867418001557695,-17.532990311833213,-16.893846412925647,-16.068812798947135,-15.191733927251525,-14.333371683700907,-13.48528121044958,-12.60197813043043,-11.657941971155923,-10.67516985057363,-9.712112264297945,-8.83048396889173,-8.060752607295491,-7.385130186424836,-6.748720395871134,-6.089750130371667,-5.365392118833109,-4.559802493286784,-3.6763717203011907,-2.722693917491522,-1.6983319126993772,-0.5933868420958616,0.5990146529809325,1.8670637191266144,3.1801302524229538,4.507652699734616,5.835000997961519,7.154257578698572,8.440081910503332,9.643788909675571,10.720259777098615,11.659128234385632,12.486386369926418,13.240469000102646,13.950898489159451,14.63249587979943,15.288136914446621,15.913397086205427,16.499279228248746,17.027433050352748,17.462823890655617,17.758327824606397,17.8743243645005,17.79923887676956,17.5586367638765,17.210237013996895,16.8256369179819,16.46727485629903,16.175526292205255,15.97173167276233,15.867647520520478,15.870863353398281,15.98407790626952,16.199252153029036,16.48639755419856,16.78702143742363,17.03026116084428,17.17510833065738,17.25288532500018,17.371387294709155,17.668112054163405,18.231425010508747,19.02303713273122,19.836147579231994,20.31527882448493,20.0567736151619,18.78984217727704,16.566806098232643,13.816292008253791,11.18488026617671,9.248858054065924,8.238056499250666,7.907966704112417,7.671408380613768,6.957891299281958,5.565879720262054,3.756160502866411,2.041731386607467,0.85124901
15kg_16bpm,6CA,21.31892316,27.25021727,34.81312015000001,43.286753510000004,50.95443026000001,56.03315026,57.684119730000006,56.40685798,53.574941200000005,50.49252804,47.73574793,45.23051541000001,42.72613889,40.08234548,37.22581477000001,34.028336970000005,30.35877638,26.25473689,21.943330730000003,17.657030090000003,13.49928466,9.537195480000001,5.953799550000001,2.9957037700000004,0.74304865,-1.0264993400000002,-2.6983934500000006,-4.51336801,-6.372979560000001,-7.93536064,-8.905212490000002,-9.26376772,-9.243220630000001,-9.07979147,-8.813419580000001,-8.33926913,-7.630222150000001,-6.8388208200000005,-6.110951400000001,-5.34788374,-4.267234040000001,-2.73167972,-0.9467587500000001,0.7262318000000001,2.10657047,3.27743959,4.3835555,5.430349700000001,6.273872820000001,6.76596807,6.917949510000001,6.92305642,6.990112140000002,7.1635490100000005,7.32858269,7.36385177,7.253708480000001,7.081289870000001,6.960807230000001,6.956354140000001,7.04413619,7.161635630000001,7.26272314,7.320134550000001,7.3236708900000025,7.31977611,7.432848329999999,7.763582220000001,8.262906290000002,8.79045848,9.284294570000002,9.769790580000002,10.212236090000001,10.463708420000001,10.376401080000004,9.884116950000001,8.988534990000002,7.8135005500000005,6.70709364,6.157917320000001,6.431610130000001,7.173200829999999,7.45647877,6.510400300000001,4.50030168,2.4444331800000003,1.4523081100000002,2.07577394,3.9842533000000007,5.930148470000001,6.238759450000001,3.9768085500000003,0.007539220000000006,-3.46955995,-4.807762880000002,-3.9982492500000006,-2.00675135,0.1851643,1.8826384700000003,2.6486229900000002,2.40537719
15kg_16bpm,7AB,1.14672857,4.717425638701951,11.222411059633107,19.954447465934525,28.906296034837343,35.74839151943827,39.037721636897196,38.786782328857996,36.14805629668772,32.63816595071557,29.437894869455622,27.038438029512747,25.317303633040268,23.895806949546664,22.38808379494491,20.40947404974444,17.659309354034658,14.235482190840123,10.760177585881502,7.925525680859896,5.8458667792946235,3.976440183013136,1.6996419047945013,-1.117559628037302,-4.214825201569992,-7.4147108507094375,-10.747791287665958,-14.150842414119056,-17.33871028464777,-20.09975142220379,-22.586109083822965,-25.177500399952734,-28.11659724872818,-31.365261499848422,-34.7278660838557,-37.98833911718613,-40.931566508487656,-43.33641882909682,-45.05855384915481,-46.13316733653848,-46.740131283740936,-47.05890804012884,-47.1712749175609,-47.0727612225211,-46.73311890619892,-46.14306957714489,-45.3291826219009,-44.333646757007074,-43.18318343367172,-41.896777642014364,-40.525548449123235,-39.137498074690285,-37.74932263472246,-36.306144709539076,-34.74120438777488,-33.02884698264922,-31.170305944120596,-29.178214132521138,-27.109207589121166,-25.103444958723934,-23.356022650754078,-21.97954702977447,-20.87170233041584,-19.763471947411098,-18.46956692206653,-17.113503826779162,-16.013005462796915,-15.281362216711024,-14.63929307021376,-13.71781158372504,-12.480768762072982,-11.252187492621617,-10.362134824332403,-9.843199528492084,-9.457076855296986,-8.958316258197035,-8.303588365640062,-7.592232336703608,-6.875585101704086,-6.144872932709553,-5.4747641674645,-5.042457436731179,-4.955335273954603,-5.099182120166542,-5.1706799799335705,-4.874863774396481,-4.106574309417271,-2.9804598938926326,-1.7772216989696281,-0.8808823035152753,-0.6045292170652219,-0.8316086910562085,-0.7496511501217875,0.7216515666049108,3.8232383123244906,7.361500912346641,9.464116881001287,9.040676759465521,6.527058565858526,3.345133560932157,0.82325075
15kg_16bpm,7BC,-5.84096836,-5.901524741511818,-5.074515312295497,-4.092699725104271,-3.8342900134663678,-4.81191085868002,-6.917714395455751,-9.554928750851165,-12.001419141835079,-13.729955207514111,-14.55694097175354,-14.681479613422209,-14.596686554150224,-14.815232009041416,-15.559835207281886,-16.656529976285572,-17.692394001106603,-18.282200796587784,-18.250449550082113,-17.662870930449355,-16.74381434027428,-15.755020516345182,-14.902410663391567,-14.286050259878506,-13.884281666800318,-13.582291019764153,-13.256872947649223,-12.877179643958177,-12.530599546339987,-12.339497582588354,-12.345682952243841,-12.467536240479081,-12.555203263409332,-12.472623271511194,-12.143138425415039,-11.564378521247585,-10.803827307917626,-9.965974717554456,-9.142609933161411,-8.376442047959145,-7.655512614141824,-6.932508596376104,-6.151323201778242,-5.271312377745832,-4.289859455090175,-3.253439539445039,-2.235599084614902,-1.2859583587735433,-0.3927134803010393,0.5116063345530099,1.5110583988776682,2.659063907153717,3.9492900397322264,5.3222023552203055,6.701730596503442,8.035541199915368,9.30924566385392,10.528210451788766,11.689687767671014,12.773271885222577,13.755388795255982,14.630202246202078,15.416975056592142,16.148794401936176,16.853123241540683,17.540397575684036,18.210374015060992,18.87581108380248,19.58081831382017,20.38084083873552,21.28320764606906,22.196940997034787,22.947594421779453,23.366548653518336,23.39935622340845,23.153763937670675,22.8432654641222,22.65283123299563,22.617623580469502,22.604962138013043,22.411883268134837,21.90765188129137,21.126367469100973,20.250038353896283,19.49429352984859,18.975277579132946,18.63952961540852,18.290727646956007,17.691791997782143,16.678521232095004,15.20180745340283,13.281094544259897,10.97132620828573,8.416958532580274,5.909335887323588,3.8059643514720123,2.305749647939562,1.3281579137853163,0.6673185778943777,0.1936817904258713,-0.1196505
15kg_16bpm,7CA,20.42603036,28.80656789563399,38.54158300142233,48.32293856143475,56.35347699147277,61.07405824453144,61.939341610498815,59.61335467938706,55.48397167806479,50.91349411379432,46.696749162604306,42.96572522107298,39.48351605468024,36.02418028388736,32.53363777544513,29.03630084050351,25.47870175138573,21.717892348209702,17.679102304340326,13.50026703671653,9.49372553702889,5.9378401376553125,2.8583978344613286,-0.012890060949248711,-3.0083403780795646,-6.173166896479423,-9.144836868192327,-11.427356121233768,-12.773087804778193,-13.302393915358342,-13.338434118120638,-13.187088841591594,-13.052965208421494,-13.04392322137933,-13.10696752958773,-12.95525310711435,-12.209907959448069,-10.740023320424411,-8.844915889803838,-7.05669328209288,-5.760187452112911,-4.970967941495849,-4.427877896381142,-3.8703307314869115,-3.236913865664499,-2.6487166224552574,-2.2330329783583225,-1.961041897322322,-1.646824080129343,-1.0993764679279359,-0.2581157041928072,0.8300148246742729,2.117820244522647,3.5714866517585033,5.084258411337785,6.464607031383095,7.547823305363411,8.286556711941945,8.753896892224944,9.136844535791965,9.677844947406772,10.480784917944051,11.380400178472634,12.097346021923324,12.49486470326904,12.644622334684449,12.71335664918201,12.813135930863242,12.891319967185593,12.754875792073669,12.246060597993408,11.376659766097523,10.272840312570889,9.046295373443616,7.772664565241666,6.567308858745281,5.616421203786369,5.139212479113798,5.315699635312904,6.150750863343987,7.317875880258334,8.15972540219079,8.036339276273974,6.926383828240712,5.757860276927676,5.984973235052866,8.498284437193407,12.57247280048048,15.843209374369184,15.748598687092734,11.493513376218926,4.899411532722829,-0.6409987572075325,-2.534430426546173,-0.7280115068598952,2.7803276880151113,5.716127766086215,6.759232402358716,5.838330202748169,3.851676713347729,1.93395557
15kg_16bpm,8AB,6.84554772,13.04830753664816,21.41692620911637,30.27589267898708,37.60229839312096,42.03720827426907,43.2699315603146,41.75122420155836,38.33073551386545,34.07670112891121,30.0515127483343,26.986140110974752,25.07313506222862,23.990950783601253,23.111361869575585,21.836213165401727,19.91256388457974,17.483412182710662,14.83512135036035,12.099237613591336,9.194566601089885,6.011087363688231,2.5637024533893316,-1.0400311848579427,-4.682873838227503,-8.2222151,-11.458541338351385,-14.238974032729606,-16.614410264900677,-18.839617900218734,-21.1976047810349,-23.834867179555282,-26.711004965476654,-29.623132068521745,-32.31019802500805,-34.60619910021108,-36.51718025874302,-38.15575332793962,-39.59730360783773,-40.81105951230403,-41.71394408207491,-42.250435895108076,-42.43379316045164,-42.34905054354867,-42.120734488899316,-41.85923744253625,-41.62432522136156,-41.416557209438636,-41.167815597930804,-40.73948014042418,-39.966627970000005,-38.74594315191088,-37.097813816273984,-35.145611057903125,-33.03599481509948,-30.851540609463445,-28.567754051169707,-26.115280995822722,-23.527308935831282,-21.02493759100359,-18.919193096778045,-17.382972783870603,-16.28967619210542,-15.285782503691788,-14.057805226288242,-12.567987790343022,-11.059787698331794,-9.825776124833308,-8.960323266604396,-8.337011255436773,-7.780114658243941,-7.205583432178156,-6.604431947837126,-5.946622819916584,-5.151378543087038,-4.1513769400000005,-2.9554338288943356,-1.6388818403137757,-0.3036400556394577,0.9238223557274177,1.91388919378057,2.6310255757291263,3.166817850682631,3.634693612978016,4.07110060603839,4.434079610366944,4.641474291797114,4.584045178522092,4.150991852224667,3.30389554849042,2.1600674347938913,1.0684702850625925,0.6240898588694018,1.480907249868247,3.867355184881776,7.08893959428657,9.659616055283943,10.209738931074886,8.436639034590987,5.279441338715417,2.22314795
15kg_16bpm,8BC,-6.08606257,-7.117285315415835,-8.196898699937032,-9.691968900251382,-11.764138110578392,-14.172737037145799,-16.36298612355506,-17.78643692072052,-18.245811682121726,-18.05142226265393,-17.86023689353689,-18.23853828693789,-19.237878818702324,-20.34351823034918,-20.86469020078367,-20.42363657904194,-19.136992508150517,-17.427660438349264,-15.722758073940824,-14.277002448821897,-13.155976524077001,-12.305571745157373,-11.641557201247402,-11.112345701131721,-10.709998516443541,-10.437724749579704,-10.272109232341391,-10.153258645469949,-10.008588567688326,-9.791301497391688,-9.503603932783868,-9.184798596188235,-8.874613565590547,-8.584470037505186,-8.302613895414307,-8.022054626812036,-7.752109430118834,-7.498770183062803,-7.240104753164409,-6.9249989139870625,-6.496819042197706,-5.92549440333869,-5.22320048755763,-4.4311166476524315,-3.5957774618389178,-2.7534173164521776,-1.9165843488887069,-1.0630178402110828,-0.1466514067041939,0.8647945315843022,1.954809000624486,3.0624247350020015,4.127521090348389,5.13281293297822,6.1042738574152455,7.079099661244409,8.07393198030455,9.072449944884116,10.034849465049085,10.924119496278564,11.737338824965018,12.52375477350554,13.369191418885775,14.348379742743438,15.4782500642128,16.704760116099695,17.92967438927643,19.05634731602434,20.025683648047444,20.824487983830316,21.464119779550106,21.94560488063558,22.24002665962717,22.308151955666037,22.15219130525451,21.85566396367164,21.568908996138916,21.441048329967252,21.541925977515366,21.824871469805082,22.14876861353001,22.338287794214416,22.245253306864086,21.779125109760315,20.90173785534637,19.624154027345195,18.019817965069482,16.212565688075113,14.350834601149295,12.610778047590077,11.190078482982516,10.232232450023679,9.678520849691067,9.18386365299581,8.293284800061455,6.799740036139501,4.928126903255419,3.1606616203329816,1.894830139427718,1.2178487418157542,0.93299458
15kg_16bpm,8CA,8.96310821,11.331479639719102,14.882276007451892,19.95762358960159,26.309026003091418,33.06470746754609,39.07012069658079,43.37126602727956,45.53516616992398,45.71358324689243,44.509535637004404,42.70934345790628,40.951564538965684,39.44974102932688,37.93457589703645,35.90379844598306,33.03205416962688,29.43011317628518,25.552413942704582,21.849385295065293,18.48642969298897,15.357505729744704,12.304990306758931,9.289442129475209,6.402901192806346,3.8000740654495733,1.6220485926667703,-0.08462644342314246,-1.4362347638249238,-2.6800705022849023,-4.035062469659128,-5.539181909436227,-7.052781214722495,-8.385169723696391,-9.410604564813335,-10.115295539871035,-10.569257736432975,-10.830073168314096,-10.866122040582564,-10.602796552263314,-10.06472903860665,-9.436761611624007,-8.913766389095036,-8.478301444338323,-7.886255182261556,-6.930506364136523,-5.712521804787492,-4.594643167766657,-3.872353645956508,-3.548548971615307,-3.420455571556972,-3.293471684316306,-3.0928741233566615,-2.857961219418391,-2.679390819877621,-2.5915890536406465,-2.475891999396611,-2.089432691058684,-1.2460506548039967,-0.00755306202661921,1.3319624374545052,2.5030309246145386,3.5133561106738984,4.632855128917007,6.099375192314092,7.802836122194153,9.276593661248395,10.068788002549544,10.15090282101141,9.969152827515739,10.122746159946093,10.934116191062516,12.171645589715911,13.137663192012358,13.16806764912842,12.207881666146367,10.896868070038419,10.030165160233153,9.964050714630174,10.472601927088627,10.964897952196141,10.86444454242292,10.087091666581108,9.285717484651578,9.356559599738073,10.359465122263309,10.956186102448433,9.305426959369857,4.785895078414292,-1.0658227615865503,-5.31368822732431,-5.745586656039794,-2.8046609698174767,0.7061298282414168,2.1349828369887676,1.1947613736405975,-0.26203731077328707,-0.43679347454085965,0.8150448695883238,2.3705227391477672,3.12805342
15kg_16bpm,9AB,5.89393349,10.844198558747097,17.893439203166736,26.26443695799138,34.292611734751986,40.27168112678476,43.30357898819803,43.55114909344505,41.856689735517016,39.172904433917324,36.23570448417217,33.51264362108017,31.198766589299566,29.184424190488684,27.12307818624916,24.652463412276855,21.629940809519855,18.198730681100642,14.631536424923826,11.089663471645869,7.529441357728171,3.839197998112472,0.03974654775940002,-3.7070384989236334,-7.2930261338671,-10.764262483987752,-14.167685592828715,-17.382828366781144,-20.204806569011083,-22.59721185227541,-24.790606394560232,-27.082468595721622,-29.59895100214352,-32.30591120179955,-35.17908826196826,-38.259944220915955,-41.523303682357614,-44.748922148662764,-47.59032309965457,-49.77829228884909,-51.24294053255893,-52.06210529670747,-52.33031151307226,-52.09139268706759,-51.37494191075366,-50.26120097802417,-48.897296547646384,-47.445761397317014,-46.00413258265593,-44.5645874441169,-43.05070977,-41.40765062992101,-39.66559067346285,-37.91865391541518,-36.25036746040726,-34.67009699976648,-33.099287691481315,-31.420341667270982,-29.57265314708934,-27.628174565060693,-25.759409826595327,-24.097834588563288,-22.624132765731492,-21.219861593680562,-19.811120959074376,-18.449648529630473,-17.261034700114497,-16.306984107879064,-15.503051355416455,-14.691219472392644,-13.799854658276676,-12.917664145312688,-12.194829084717076,-11.674481125627477,-11.22316359724633,-10.6147418910323,-9.688553037228763,-8.474176040321174,-7.223797669195862,-6.300732006007477,-5.925931360865509,-5.969050541784399,-5.999927380257157,-5.563136926403843,-4.463051891752219,-2.8772641756733948,-1.2156768813200796,0.1269970792160036,0.9451351492606356,1.3381725168242113,1.7676486768230142,2.888774937509246,5.073398947719693,7.913632846953152,10.26937637406279,10.984878572652407,9.708343385849389,7.083867631670493,4.196498222660761,1.9029380202428523,0.51512243
15kg_16bpm,9BC,-17.78654139,-19.331606658763736,-19.69528471414816,-19.00675665923097,-17.825448896214763,-16.912250394045344,-16.88207836492342,-17.89865116465458,-19.611095096718653,-21.381607898710946,-22.62433872547356,-23.021944700044113,-22.550274018807965,-21.393501262417917,-19.837400731260068,-18.17490562929598,-16.639968226663946,-15.381028387295665,-14.46137864547177,-13.859860399934355,-13.474194211546383,-13.153641592654234,-12.760190244008419,-12.219529978682221,-11.53074164980926,-10.743643145060531,-9.928812083455316,-9.150409836185892,-8.44298581432294,-7.799446024934722,-7.179820799692867,-6.535757360408108,-5.8344551633815716,-5.074386576054656,-4.287449881361948,-3.518198981390305,-2.7885687796361176,-2.0784319271508163,-1.3406179779364906,-0.5351351587801977,0.3478225592958771,1.2902219759094935,2.2639595267225507,3.2441325582266005,4.208719601878533,5.132946408201518,5.990605056267421,6.764865718535119,7.457797581561443,8.085809351364118,8.662935287370912,9.186589570498773,9.637798097032963,9.997006055480572,10.2652248692862,10.47591685758431,10.687004896671844,10.954964413001436,11.305675063569415,11.718801785614831,12.135346713016629,12.484779039321216,12.716300361570969,12.816076912049784,12.801478790760974,12.70172922009028,12.543163318889192,12.347701055315307,12.139862862142488,11.95266121091103,11.823896827338189,11.781054644089988,11.823526707535637,11.915736951091091,11.999101684874798,12.02069932996275,11.96579505307203,11.873983673095037,11.827515937704465,11.921503884754669,12.235038508567653,12.807085026307442,13.607761545754295,14.509403880129316,15.284089214556678,15.653298203308191,15.382162192280765,14.369539605726743,12.68319196158753,10.53359630743498,8.20990848593454,6.008590409485629,4.188032002874939,2.937479994815364,2.309445730057792,2.154520620337346,2.1688850397317294,2.0609388907089925,1.7115079419727992,1.1993666826571043,0.69387822
15kg_16bpm,9CA,9.44297977,12.421690055189124,17.13443899348306,23.74732054191977,31.580199867582465,39.24625640785631,45.34158736163581,49.09973285359574,50.54840530848291,50.23606128172056,48.86080136604884,46.99804914263861,44.96416305515039,42.80107545097925,40.3636230246555,37.4588839220279,33.954734964334996,29.836785245219694,25.226180288455634,20.34914442801369,15.470664652552433,10.829006534528126,6.582821882881287,2.7900104796202094,-0.5386239627792037,-3.351212448890606,-5.556151462983023,-7.142292115801786,-8.286552733732636,-9.30416160306357,-10.450884414118935,-11.735043906661883,-12.891042675254761,-13.554200545116135,-13.521139771194862,-12.906314176205308,-12.082533141880463,-11.430708594584825,-11.068663138087711,-10.787478031746907,-10.270078177297378,-9.387677006306044,-8.288948129285927,-7.224585388681186,-6.325063472162179,-5.575157437143917,-4.954375259699452,-4.502750578488264,-4.2449053849697895,-4.124343342723581,-4.031143460000001,-3.853470003923907,-3.499884317573919,-2.9137520319415717,-2.0822083086288035,-1.0155702556615214,0.28420933152795863,1.8154457775425537,3.5050858826733142,5.124776669962601,6.321861684432741,6.823199535362425,6.665825460231264,6.239331896638201,6.084325032757236,6.584237579054418,7.761366072916329,9.30808499787951,10.792212280795011,11.854472501245219,12.316751701953963,12.231294713099151,11.850850344607851,11.476069028619937,11.248152148027103,11.055531584045582,10.67306395270814,10.031567469071645,9.34854258635496,8.962488870552036,9.007723905291032,9.207022339499595,8.939617894163618,7.612871214980786,5.215172845019724,2.5922800736757963,1.0512978206791317,1.5539271364067353,4.066994464050036,7.378972034862877,9.496383682462493,8.676226430227745,4.714831850853964,-0.5698326406286987,-4.556091949623793,-5.785976845453815,-4.69777044476751,-2.7677994854160755,-1.2770501346349112,-0.6688232760308759,-0.65239524
7kg_10bpm,10AB,0.9980468,3.5805185465113096,7.769793168157949,12.995983763130091,17.18085426113315,18.568859528821733,17.612061158372175,16.261264166470394,15.736477993628549,15.613480201474776,14.773473404764884,12.882998720255832,10.776451262825836,9.275526820370757,8.130742009959022,6.665934040033716,4.88987091613523,3.2391382348022066,1.6653364128135333,-0.22695731761670826,-2.3796005616413143,-4.33339144899433,-5.892224574296795,-7.151574799944184,-8.163324349937552,-8.893087990000001,-9.307262552480966,-9.525236184431344,-9.822250415020372,-10.38189976132056,-11.183546059798095,-12.1089909070001,-13.054456199280962,-13.99182493616676,-14.984210271877403,-16.116091711023426,-17.375218217497114,-18.624857720119106,-19.722704089467694,-20.622497330666572,-21.3385042640769,-21.838763850976626,-22.049812706506405,-21.97109565490271,-21.673434726516053,-21.22088300141016,-20.68110156292361,-20.14311588765548,-19.61484023674948,-18.98067445281324,-18.176255590000004,-17.333038906293215,-16.61404665524736,-15.971824600164812,-15.19900338147366,-14.183918593597037,-13.045457128287211,-12.045031825388406,-11.356981747224278,-10.919866623583228,-10.57327705272438,-10.277697184862014,-10.112635801645048,-10.121294098849738,-10.384937164263702,-11.21844994634363,-12.931806921432997,-15.265245608698342,-17.23846329619012,-17.6929976831189,-16.16788242806027,-13.500302050589992,-11.61157313282429,-11.977155120484003,-13.843947983705117,-14.751708760000003,-13.538744645852633,-11.7590409423987,-11.483273860007207,-13.132987649545088,-15.733577866919285,-17.978731671214963,-18.83435893620053,-18.014036008489747,-16.212546385452246,-14.554911211694845,-13.78993566479738,-13.922440908558123,-14.370282931886274,-14.47996694827383,-14.051219169569467,-13.397436456756806,-12.774202390310657,-11.95851630465339,-10.635929713373645,-8.853465104471963,-6.906030933012218,-5.131965896340344,-3.7974035909284307,-2.9135825329316996,-2.26551345
7kg_10bpm,10BC,-12.71231981,-13.751132630212606,-13.345962425533568,-12.352689533449954,-12.087911440321186,-13.159549894260943,-14.895753646808881,-16.07231324054312,-16.02992331937506,-15.027708645609685,-13.803804970692337,-12.97327844863576,-12.698319219365217,-12.742310065340671,-12.777001683453255,-12.635737424326429,-12.323652284652777,-11.895386891546169,-11.390024321946047,-10.847975412464812,-10.307777426380968,-9.76932690024692,-9.202183883503514,-8.59702739029341,-7.979749040607628,-7.37564375,-6.78366617360855,-6.1833167779943246,-5.557880563942649,-4.921028577273829,-4.322913787691063,-3.8173662579791157,-3.4153672472070085,-3.0713192615167624,-2.718912383884019,-2.3150302517844006,-1.8469752054021513,-1.3162306247719504,-0.7310270370257521,-0.10646026121302167,0.5454705977373798,1.2242756595424567,1.9366572269700832,2.6939805855850802,3.506614139196431,4.361555731184545,5.200997536181871,5.933319585734686,6.4817447919392865,6.830335366924582,7.0218205000000005,7.110105224529185,7.121881764528399,7.065819319973814,6.96148883280115,6.849028089993766,6.779787659233646,6.799754274467882,6.93739197121065,7.2072696828042435,7.616595200575545,8.150029743227702,8.73278573162529,9.216837724430812,9.447431324446278,9.378525927160581,9.121712581012705,8.871437022201114,8.781405584208576,8.905324643375385,9.221937532185903,9.676158792140061,10.195491683796691,10.70008098385252,11.128316788927638,11.45663313,11.686236565230029,11.821835022174907,11.87187817622093,11.860289643057467,11.824117661686975,11.795737466494955,11.788697287637952,11.79441608722757,11.780774129595752,11.690765159416227,11.454695272090085,11.023665692216285,10.396001005345076,9.58760092694407,8.57046601275669,7.293489220800161,5.797760096592833,4.320222193382014,3.2206161406463507,2.6742710316003397,2.4557411715801902,2.1608533148609825,1.6422151838416323,1.0718238963532576,0.62022936
7kg_10bpm,10CA,9.83028326,13.476152299775933,18.01469633857724,22.464762104772348,25.788265077597202,27.29314729389985,26.936852458596178,25.36571288015176,23.43066663436426,21.654665085888944,20.10348808080154,18.621799954846452,17.113325007117606,15.590504561080875,14.007387478288063,12.180542077416188,10.029058495252892,7.807558713916151,5.890395148367073,4.3793449170690275,3.044880493560353,1.5776148130441896,-0.11093515652394244,-1.750505896653829,-2.8896985990643693,-3.24709579212074,-2.8865971747726102,-2.150289578928275,-1.4468604329879562,-0.9922452124042045,-0.6846299015362668,-0.24831834066090394,0.45047290748243046,1.2698432328541682,2.008951321679769,2.658918394937176,3.3300625077683152,3.9984796303459738,4.466859491218583,4.59225984855056,4.477472203325774,4.410636773950903,4.6028346561102405,4.976900764789888,5.236429889468507,5.182944607525539,4.95320938822603,4.865108822656468,5.036966273436391,5.280597557225565,5.357545438364619,5.216519182914208,4.997787078189434,4.8970923091369665,5.000939235150262,5.220956976861553,5.41419558132196,5.5271421168279975,5.596449305186428,5.65237875755517,5.6437250990169305,5.491978667507094,5.222775620379877,4.937938487309134,4.668567397209517,4.402225172951499,4.186945243947596,4.07672666416525,4.086498062982727,4.219034019614474,4.3079115782384285,3.8859654617114163,2.6947915460383802,1.4473720698732149,1.3476903209117497,2.456459783738128,3.4900383372331243,3.4035622507386765,2.3458149260619146,1.2605013980921307,0.9513468850659191,1.392252754124005,1.9725464856135768,2.294215895412938,2.443613089653402,2.6782055575383774,3.1686658771568337,3.966951225077458,4.841032603767022,5.100575883093357,4.010607858281012,1.6863851855026748,-0.6858366108632543,-1.9802083048335464,-2.107313737301549,-1.5621441750097622,-0.5107610323192199,1.1372310524843101,2.9192661287540163,3.8600193362147333,3.44246286
7kg_10bpm,11AB,-0.52703339,4.944517509947525,12.019635959550476,17.814151498102937,20.054196822591237,18.838062309012237,16.15568778472374,13.942547699491644,12.80637068750396,12.296756803128726,11.811739246823741,10.963784910657434,9.408383180122577,7.06375786532717,4.603877051111078,2.983942381243103,2.2206678691954274,1.328718796042935,-0.2736859637065489,-1.960052148368462,-2.859371164822376,-3.0547231337600427,-3.3273915381396977,-4.073506871185175,-5.051259753310903,-5.946217780945328,-6.737528417199074,-7.591760296611379,-8.5779570559367,-9.583458460668806,-10.535052966639144,-11.525477370475647,-12.648755902706984,-13.88437645045069,-15.125063901596894,-16.26175868591288,-17.316765501831217,-18.38911691146818,-19.447536841531683,-20.294743081620222,-20.760239285487035,-20.880568383216076,-20.829198548219914,-20.650053508590076,-20.20270151382967,-19.489855497395194,-18.77104376515827,-18.155551020328453,-17.438582075050892,-16.53680348405781,-15.675363277453487,-14.988284097861632,-14.302656013873223,-13.494982749452836,-12.746211503419282,-12.296777696879122,-12.13279151329852,-11.91081228052872,-11.283040983152814,-10.432048463080534,-10.059029041813192,-10.637112077662115,-11.663347879173502,-12.014868362894,-11.59096545118778,-11.602974804167532,-12.563467958223855,-13.338585061095447,-12.528261428722352,-10.513846875406049,-9.545518724202456,-10.98820704508701,-13.599460470587305,-15.175486477254497,-14.964639679734782,-14.283429628852698,-14.84328917191797,-16.862108570059615,-18.78924001794598,-18.671482667449578,-16.145682017285626,-13.117715639787317,-11.841854693330266,-12.452887323167108,-13.31269763708875,-13.35682396539364,-12.922481752266876,-12.594073213122314,-12.448236374896057,-12.411981902319114,-12.37357225646394,-11.995637477227202,-11.081802850674785,-9.995632738901003,-9.381050795999506,-9.40778889041421,-9.443574912052087,-8.760986180367286,-7.403386309516553,-6.0401349116361995,-5.11502173
7kg_10bpm,11BC,-7.98879867,-8.227768733391986,-7.8766071247232,-7.651625416809074,-8.330938764136897,-10.124651212955094,-12.337200710391013,-13.845334209543978,-14.042989497395057,-13.230425076614623,-12.164145236239861,-11.42391238682505,-11.149348491830061,-11.159813005917586,-11.22745108509522,-11.267747279657145,-11.290687681869585,-11.239334153097936,-10.991450647618755,-10.525372529919307,-9.98072218270132,-9.50440111866849,-9.096763484185043,-8.646131947155155,-8.058996327230178,-7.32200435525204,-6.487855355828051,-5.646830764866112,-4.885244131229087,-4.222657822278756,-3.6006690168982836,-2.9641620995340885,-2.3153366518438396,-1.6762109315974603,-1.0517930765041779,-0.4368802681977203,0.16981427411443625,0.7665863183302862,1.350875481160982,1.9029277017049413,2.3850608576598655,2.7907370312934257,3.1767856738670384,3.6102785553863312,4.092330108561911,4.564462974465126,4.9772349860187015,5.330004015192047,5.659782771416631,6.0048537557126975,6.3601715549218625,6.659213470022953,6.819223640214479,6.817594803902652,6.7221156513045806,6.639666008133828,6.64518966955732,6.755840802009467,6.942493423054313,7.1475903317593525,7.30462778899607,7.391142318299562,7.473323776001022,7.648797842766855,7.932059481467439,8.2315548272849,8.44593166932872,8.563032500245042,8.664180378082337,8.838375990151341,9.097724514574255,9.37197986573432,9.562266972493271,9.607025346082857,9.530631079849664,9.422641988987968,9.36011298241952,9.343276478745745,9.304084625745517,9.184621456277453,9.000569527576573,8.808867924006385,8.57568040806849,8.095667617752847,7.1362783196198185,5.762095243558129,4.49591552261214,3.985202398440909,4.426721307114853,5.339265424193019,5.9195925093625075,5.692981404696382,4.800407700016404,3.7096400965184295,2.853965627310065,2.5040279336930924,2.6723940968304922,3.0071606369748527,3.0053463195341332,2.404539375120246,1.36330318
7kg_10bpm,11CA,4.36391424,5.957782780919765,9.421181330212274,14.340923439888586,19.461766830501915,23.380888143220577,25.202218615749995,24.827372051000218,22.89991579225886,20.445814102961858,18.33709784854176,16.906257577522943,15.93814200280726,14.981720005273623,13.730191831003252,12.172380197061655,10.448150651609534,8.675368179744408,6.953946202587189,5.418128392329985,4.167889963626737,3.168765514748078,2.298532824208594,1.4942940886996754,0.8050921450439219,0.28981752633746655,-0.0893808884109371,-0.4272830761350625,-0.7501754095990031,-0.989924519316702,-1.0718395781948356,-0.9792339516818702,-0.7370373627831421,-0.3660631337268626,0.118851523486143,0.6709540749216911,1.1943476653374585,1.5654189447275433,1.7053422086177958,1.6801006397166038,1.690735907077657,1.8841999122438537,2.1922050913821844,2.4468428923441286,2.625702470499588,2.868098748795461,3.271649758521793,3.766611845072113,4.1879096694404305,4.436331135828375,4.575522533071227,4.7521539820935885,4.989791272894663,5.135246972392898,5.091466130611471,5.029956642497923,5.228819929619402,5.724505678538761,6.268797450310423,6.58205931899941,6.560189528672648,6.320583471845274,6.090487643291562,5.988683898776283,5.953843257117584,5.908108620133724,5.889706563405719,6.011087421260515,6.347143804778285,6.782048484670627,6.916320296788167,6.351001520478501,5.256362153326043,4.431939347574335,4.480537725709256,5.097812117271683,5.43954623995361,5.032849107572868,4.193766011046438,3.6516759986549236,3.8010863516496913,4.362395007453728,4.7858718586329685,4.796064311861288,4.4607749764719475,3.991678599029797,3.6484494253137414,3.687539567403682,4.2321001981621205,5.0817089738748145,5.626097073335946,5.168300318819792,3.6118000384134783,1.7327654713671814,0.4246802254518236,-0.13378187192000396,-0.2799751524727062,-0.1891808580639191,0.266314668290766,1.0749417488248556,1.82331978
7kg_10bpm,12AB,1.36233378,6.3738260696860625,11.565755241124942,16.016304840227154,18.54783126732227,18.682722284709875,17.334083168259166,15.865941881988828,14.902969546957468,14.286315436500672,13.585088441710598,12.51204865112913,11.088968133085748,9.412707517875386,7.461097205486333,5.3681376686644935,3.5454056842673607,2.238419872617617,1.194071528371619,-0.03702794492429293,-1.6289831475984886,-3.4357565026440566,-5.169960970105211,-6.508163030008925,-7.290182152558192,-7.732527828994701,-8.272765215562659,-9.148809438584586,-10.264412501946723,-11.395040891484454,-12.364767948702095,-13.127586690892146,-13.759900729653115,-14.307349497055043,-14.734716972882454,-15.092202141639412,-15.533869378865772,-16.110237732445974,-16.726491354130452,-17.327609581118484,-17.9819920189231,-18.762941246326598,-19.63078479242133,-20.428821758521227,-20.96490959123971,-21.15943079666424,-21.139140107606327,-21.128955834461664,-21.22438607621128,-21.29845435981191,-21.147129906473833,-20.720374592673096,-20.15664680050429,-19.617025988236808,-19.194247266580476,-18.910571644948625,-18.6634945031083,-18.28743519117304,-17.718138755208557,-16.993863381881642,-16.174364111432705,-15.342853797142409,-14.581481527653128,-13.916915143512771,-13.401165506423087,-13.31770459167936,-14.118485125187966,-15.818431744111278,-17.645914348826356,-18.76850586361208,-18.982105412258647,-18.343987987629554,-16.688231485602905,-14.012721674676463,-11.193909010033074,-9.510781651219135,-9.314664157811611,-9.828909863033527,-10.156268138732713,-10.048349862976702,-9.752170541302503,-9.48056002216776,-9.256058064493805,-9.138299151735175,-9.292421285873331,-9.671508989326254,-9.760017239323986,-8.95898915940066,-7.435748088808103,-6.218726618512309,-5.929010280581924,-5.9905105252558535,-5.707463074231665,-5.091661016785195,-4.278634671823607,-3.121399358654709,-1.7089317502567247,-0.5550917144019609,0.022903577931743593,0.23271987900966162,0.40303388
7kg_10bpm,12BC,-12.76860335,-13.080855479795336,-11.993324659995068,-10.511706547734294,-9.952110135758684,-10.920183786867403,-12.768506015278751,-14.193075997769455,-14.376606498305891,-13.492543763465438,-12.27527615437354,-11.327488197121546,-10.817594693755787,-10.619715474393594,-10.57430411786027,-10.609187985772268,-10.698030590470173,-10.793011602405892,-10.816486251458532,-10.683093096157023,-10.335555103606582,-9.797638185974343,-9.185856750963687,-8.624030744279011,-8.130514386519948,-7.615741201590612,-6.994895277796172,-6.277565456591375,-5.544448885321955,-4.866667495818366,-4.264891668334307,-3.7208283700173963,-3.1970533616115993,-2.656330222116237,-2.0791750417138957,-1.4656788877323392,-0.8272192122924586,-0.18071483575663877,0.45744738731545326,1.087211953233983,1.7280124653909679,2.3914430389741277,3.0533766069495174,3.670430685221218,4.2309050999190845,4.7852978004632485,5.413315226439205,6.141822915973769,6.894054025634257,7.529981955581776,7.934426440000001,8.065834748630952,7.947496482042656,7.649943846265452,7.275810368535144,6.918502628359338,6.623160321342,6.3935856398743,6.220830014213543,6.093433664329433,5.9919066615924095,5.894356629881297,5.793253611731971,5.703657837489101,5.6578312373169055,5.69809619323876,5.868004637134865,6.186722048806547,6.607158757292913,7.00740346008252,7.265130272321539,7.363869952445009,7.40835163319571,7.515660113119544,7.697080518422806,7.853700417292253,7.882082685499488,7.780556690253123,7.665010473923505,7.693777819024759,7.9620441121540715,8.432264973868822,8.93943913739748,9.258270394332964,9.192060020703869,8.6696474875379,7.824036944845547,6.95626640954401,6.348765778562023,6.097273541168464,6.133564750501407,6.35103846677627,6.627152179021107,6.730639273872544,6.32694554570313,5.248543554536748,3.79522162123417,2.5663886789961268,1.8975524468059635,1.6140103248947262,1.36122684
7kg_10bpm,12CA,8.98118161,12.183585162083169,16.21073750964491,20.570529049327064,24.377686486632452,26.686446555619987,26.975894254579277,25.430403900299737,22.883487942101276,20.40367083914653,18.69387074987735,17.75818330751199,17.11372869395089,16.290195039377817,15.123166388266766,13.674046115467203,12.018441333269038,10.195542433634955,8.307715739616206,6.549836070311073,5.090272649233788,3.930305412698781,2.9115129671675604,1.8775225967577238,0.7873504386519783,-0.30104758433231693,-1.2500249793447196,-1.8650669848159909,-2.025022906847266,-1.7977014996620595,-1.3719209292795367,-0.9053222713494329,-0.45672554960600664,-0.0071412684524086055,0.49358029707838424,1.071860049093866,1.7052465530891292,2.3578722828938004,3.0169509596992463,3.6744415963713735,4.284118337968127,4.75868186267702,5.031203345153434,5.119392252291282,5.105184533216722,5.058331368285081,5.002196967858994,4.939683927732726,4.889682295334167,4.903669903537618,5.043955779138395,5.320094532638973,5.66233518324583,5.961820270123326,6.100688905082997,5.985622798799439,5.6343336575345,5.198544337937387,4.851514836538374,4.6875684267076885,4.718196364304217,4.872101553364173,4.993417666016162,4.938854246157702,4.719892316933235,4.51854981519301,4.518114879479413,4.711363890582326,4.905016572932721,4.911430964702413,4.702173058068728,4.377608117001906,4.032492731891191,3.713948357006652,3.496602811663091,3.4836775330346654,3.6743856859356545,3.8640432461626255,3.7034840406709,2.9167712924265894,1.599460378564904,0.3813992203789751,0.08252924912090913,0.8955526324011424,2.0835988282496434,2.7763397561157626,2.880098145039694,2.977067790946973,3.464690882723126,4.0846950694844235,4.228477150512631,3.407573196485301,1.5721150359515865,-0.7101922200907038,-2.484598841821312,-3.0887052960736034,-2.552566758841908,-1.3925059045989898,-0.12237473315307071,0.9814708387782553,1.70120814
7kg_10bpm,13AB,2.04825169,5.612262185808629,9.66161183605618,13.5742653976148,16.068014071132456,16.331922588183772,15.029038361789647,13.72514228885135,13.374751457028713,13.63358210793172,13.566943818117958,12.726952416852777,11.469111084646187,10.392623334806244,9.620550265039986,8.713043154916717,7.298685980344993,5.645347589742771,4.400842002561756,3.8263115445584934,3.4980095627948504,2.7882882585643824,1.5505547375701032,0.22203437552915883,-0.7609874856552405,-1.4782061399999982,-2.381789641507209,-3.790597552484645,-5.634152718005363,-7.596848313180832,-9.440307836732506,-11.166211471663583,-12.829830638263251,-14.366664244168868,-15.732889296280401,-17.029544311970547,-18.390766740864684,-19.850155750573453,-21.322467103597184,-22.58642679070464,-23.346214410271887,-23.50873508982876,-23.36708340272247,-23.344151431763745,-23.504602313941678,-23.476990236907696,-22.96755524384541,-22.160373451120453,-21.435249587339413,-20.843446626826754,-20.079076510000014,-18.936829231312363,-17.64455660436559,-16.645101592306425,-16.061650476501903,-15.54528152718435,-14.730867850007987,-13.697295214902452,-12.836555715144105,-12.368083985623972,-12.172477451304255,-12.058735566548679,-11.956490858844939,-11.8593498229997,-11.873630223685986,-12.377215374048042,-13.843947345579066,-16.293295580872005,-19.01186659760949,-20.842618838543412,-20.755692764028637,-18.528126053077273,-15.141146780781986,-12.378737286911877,-11.6532184056805,-12.762206589999984,-13.7957327547064,-12.860479128384206,-10.020214630022311,-7.136881817084738,-5.738271134886952,-5.7641757416271435,-6.228092416729642,-6.338520132367091,-6.004478186288692,-5.666297346731695,-5.790974013718639,-6.324043453334933,-6.429306701218723,-5.091386493075699,-2.540208627271287,-0.461065377537443,-0.12000300626228357,-0.8628031034095716,-1.0772977766709888,-0.1342026081788445,1.3827876608860536,2.6791330159476523,3.2884841700338887,3.0638567248658237,2.18224069
7kg_10bpm,13BC,-8.81780384,-8.274552579637485,-8.04122165476696,-7.891741439279481,-8.194999517634015,-9.541766341219146,-11.812977588803697,-14.042243397315248,-15.260748744505891,-15.24939556236483,-14.51009878835918,-13.71919456968412,-13.227200298951029,-12.953669927812157,-12.670034439020117,-12.305255230910241,-11.960715520423948,-11.725808880533592,-11.570775205649047,-11.409386478063153,-11.17626574369061,-10.815574740521914,-10.279126110249495,-9.582885794809602,-8.832571377989442,-8.16601152395809,-7.648538630832124,-7.221089797658132,-6.759649637634633,-6.179621785344647,-5.487293069204342,-4.761114969862111,-4.088974721572506,-3.5010813065351916,-2.958013788575265,-2.3998479048121983,-1.7997054085755837,-1.1838655716469262,-0.6095279042122335,-0.10528240551960455,0.3658939756821713,0.8705605003982998,1.4357322437318596,2.0220770710063487,2.562552298800536,3.021912815536232,3.4165706817781913,3.7888785389212676,4.175984037060379,4.596359853214096,5.044080623069837,5.489362449587003,5.895427679942303,6.244692564363049,6.541361258502208,6.791407921159427,6.999830717837897,7.187162320161375,7.3844836883163545,7.602409554688307,7.8109365302104345,7.9583481032763554,8.006542600276191,7.950945197614578,7.822495154783163,7.678890756517146,7.598420829657023,7.6596141751815665,7.885763027877918,8.213592114803456,8.540769661826015,8.804618250742799,9.009084604722391,9.188259039345649,9.358860924159904,9.509320249499877,9.62441895731497,9.708711286912845,9.770408086216525,9.79059978017107,9.734116902597577,9.59224204556503,9.396384014589358,9.180222624298914,8.926440738173856,8.565039525610159,8.071920234936366,7.590418710456399,7.3865875130273455,7.57627504099425,7.898132026512245,7.893257768022753,7.304710808089647,6.180146995802213,4.744455632135754,3.34152472152428,2.310998702265876,1.7547652735662036,1.5243790818210488,1.413759647139809,1.23510249
7kg_10bpm,13CA,8.86052452,13.283624473281543,18.223268904791627,22.695633708924312,25.841448722725076,27.178616889528712,26.74431039316117,25.049983975808384,22.810733317118178,20.653551622754602,18.91306509831117,17.576066016248983,16.397805724253853,15.107682377838017,13.600152496393196,11.945166846340273,10.213298359216534,8.401047930637336,6.544105734776086,4.792921268795791,3.3341093075371813,2.2322838927457838,1.371716088454689,0.5931715444515031,-0.12801186592008323,-0.6735957812511914,-0.9395890132702027,-0.9363332762815127,-0.7420346352412159,-0.43823273382669686,-0.11532720282267384,0.12280591348121714,0.23842983920209415,0.3221816797420112,0.5142945272080123,0.8891625840941814,1.4162896679636796,1.9804319125720788,2.4377436058357764,2.693931129842053,2.737028378608477,2.6143396645122494,2.4166363598902745,2.2414884554385757,2.103039259863683,1.9151429426502053,1.6772544905456577,1.6317793643772143,2.0623227792079457,2.9512044974599885,3.9597251134579183,4.729214391846648,5.123977472133321,5.243258172486178,5.274520916780905,5.309655670809873,5.326623009027805,5.347575760480582,5.496360687814403,5.828596681347159,6.201072753976715,6.409523923476396,6.3867926462917906,6.155866960312918,5.729903437072798,5.206325257273189,4.811568941490502,4.6867281273994985,4.660896314791162,4.263507333102345,3.058104465077994,1.2682954612327637,-0.01443392074856767,0.13334588823273455,1.2257747720161618,1.8192660087899442,1.2941420060873499,0.6464601094340103,1.1118429109848798,2.444739148361137,3.3250470346557237,3.1421532376642265,2.5138052960212973,2.2941319707603447,2.755219498500942,3.6229689264199885,4.497556481842702,5.10981908128123,5.440283427234062,5.73829206395645,6.151144498291659,6.204752917945498,5.040431699470641,2.5570424037389707,-0.02703863080757655,-1.446271671098114,-1.6787314834821567,-1.4998272969696782,-1.3682886502044957,-1.0449019247229394,-0.10956114
7kg_10bpm,1AB,-4.368573,-4.245957731423452,-1.8329058563697689,2.4933580851398083,6.954046146276122,9.677643901261643,10.187830676753684,9.432969481461653,8.479679943428982,7.754763652737854,7.378237881167487,7.38617059100982,7.631029294628013,7.940581626030876,8.317746791479088,8.804391892473022,9.313535542197986,9.654670167433098,9.570791947384953,8.852672424748285,7.555033035057174,6.025772869111362,4.6711932951003075,3.6643057585588013,2.8524574288185818,1.9817279,0.9948837930118325,-0.024429811290954388,-1.0555900213721978,-2.113506620321584,-3.2083708785760665,-4.4079920983249075,-5.746428426031227,-7.128138829526297,-8.50769061349821,-9.96325229102475,-11.467107957863483,-12.819783462283219,-13.832541848287264,-14.419873780621744,-14.638652928556931,-14.712952440820546,-14.860054100907309,-15.079213865671198,-15.251089906332224,-15.348377327079358,-15.433943324016166,-15.62361562247876,-16.04205212231874,-16.630239851632975,-17.142384550000003,-17.402688644525377,-17.425189936940832,-17.298868063863242,-17.018408804278085,-16.468881450113706,-15.6242458579965,-14.66510387178969,-13.827723157328728,-13.198352665185663,-12.669652076017428,-12.053022990204003,-11.262042429534922,-10.387799367221396,-9.582189849994355,-8.922268364738095,-8.380946244449644,-7.847011913559143,-7.220226018617711,-6.547728244647989,-5.933903365154225,-5.3512251773086,-4.702148815718656,-4.052544182256948,-3.6323242557189843,-3.5740468300000003,-3.736978399908648,-3.831313657772698,-3.7107217416782547,-3.4686622211065457,-3.3299384572311213,-3.523394492125956,-4.113023163167205,-4.861974899178289,-5.3833682458985255,-5.488352971702939,-5.335004799984618,-5.315205664468252,-5.823937735650988,-6.920876115255988,-8.011112457568135,-8.130229985514616,-6.965535109419999,-5.339479128939903,-4.322382167094407,-4.129278705747068,-4.032811052135284,-3.280124757776377,-1.900996396578621,-0.5855610570712237,0.06776121
7kg_10bpm,1BC,-15.45095017,-15.795012593465895,-13.941707915287182,-10.6755168838641,-7.765472954914687,-6.986258577810818,-8.781328928727545,-11.953264611710567,-14.715686410655564,-15.946307260436766,-15.594905651205652,-14.317963858954618,-12.919702416312976,-11.943451414933286,-11.511634524739753,-11.438273298895382,-11.480261373065442,-11.50404432311779,-11.495141204251833,-11.49209228575939,-11.518752132398356,-11.545804178193569,-11.503969677765955,-11.34038455418659,-11.073796152103622,-10.798911816139038,-10.6123801375923,-10.518881955399905,-10.424340093166336,-10.222172915092978,-9.868793402737017,-9.385123343876636,-8.813938501616938,-8.18447732069289,-7.505009252822125,-6.773234106002138,-5.989856298721021,-5.164893889368889,-4.315786454023047,-3.4566253463831105,-2.5834038371948207,-1.6680148653983433,-0.6716232503219742,0.4254174958523943,1.6043099202024858,2.817429925843255,4.007963262347355,5.117162907025386,6.093540397556154,6.921486729908806,7.645410897814261,8.349026099159756,9.095372231485735,9.882062260819087,10.63867231854869,11.25256251820459,11.619070384868031,11.71306347295126,11.633758710512062,11.570310955500013,11.694600513232084,12.049421476471954,12.519995763932062,12.914241517690328,13.088734208722824,13.027403149937985,12.82679446188407,12.619708393561089,12.508453399994108,12.548316615159926,12.759687859441069,13.131054394646208,13.599114117638699,14.040259499325712,14.313575726432802,14.344672364165147,14.192642943095574,14.037178265323368,14.070158802789967,14.366747351055274,14.847361489090556,15.360657275978205,15.79709555806102,16.126022176888025,16.344650741600088,16.418883793989366,16.287804125464778,15.929698541334902,15.429567398356518,14.96979827767368,14.698411034218516,14.534907283105836,14.11131055904405,13.05298187836082,11.438034372230543,9.859818277791275,8.870468052433521,8.37538931229431,7.689904605845482,6.282416104133885,4.38260328
7kg_10bpm,1CA,13.30041982,16.854208276524126,21.272766722671822,26.03440056481642,30.086879455870566,32.35875163665881,32.392867935458554,30.642859447390528,28.180649139206324,26.02990550639763,24.617888710735638,23.71156310305804,22.801450299922905,21.562464363291223,20.03523119520579,18.47027872585606,17.05013387075279,15.718416973111315,14.22937372912602,12.395280231099493,10.31276478283749,8.307179677447388,6.634709761005287,5.278891743984798,4.063973003807333,2.9262527700000005,2.0132290390062946,1.5080884494661138,1.3880945300273433,1.3763056458096816,1.1516114881899273,0.6343873922109107,0.06443973359260335,-0.21609316381049876,-0.0594376769862907,0.37426587660018823,0.761635224946974,0.8751420080372376,0.7297659490905702,0.5231862336869305,0.45368310755042895,0.5736144136715401,0.7978135063502221,1.0398212025817808,1.3147937621827854,1.7017256768948825,2.2322842593841137,2.856951999745459,3.5179118664815356,4.202418225573446,4.88810743,5.4692815412474705,5.79949552763931,5.821193236210801,5.631351104906642,5.42232223606366,5.370725729644808,5.552292480562251,5.917218655617068,6.353519001513007,6.785962546989902,7.18999406861963,7.510931590894243,7.619526787229127,7.403196076633423,6.935837791947166,6.527054229123732,6.512195846112712,6.937627274870561,7.465105693331988,7.626895560981986,7.199473333749181,6.33572430559781,5.3739247679093,4.586133195329321,4.1017132400000005,3.9403537310516232,3.991283150210234,3.9838768005494685,3.6088740802520345,2.7749976365476763,1.7740695464882814,1.1432835538638115,1.292397191277251,2.231175997008493,3.614186549926796,4.988588405680976,5.994784704228594,6.407427079646035,6.079920689219824,4.9345738511601125,3.1089202163896617,1.117080338390203,-0.32894977375550494,-0.8026076012151049,-0.4070066251228571,0.4145160113478519,1.198160219092528,1.6478395921486184,1.6729081359170468,1.33868355
7kg_10bpm,2AB,-3.54489121,-1.0359413050472404,3.5467284444150335,9.037163887336503,13.677335443497432,16.25723200119528,16.842145789375547,16.42196440951938,15.906156069143497,15.544933816289634,15.169383174458227,14.643751995139263,13.943055533139084,12.998972841661612,11.709262107131654,10.137763800864855,8.623616455714927,7.563795386890686,7.012807607775351,6.574822793219508,5.794835070957315,4.641540960186074,3.5296844662137192,2.849930586515593,2.5306178370567936,2.0909668500000005,1.0970783041180907,-0.46298083184341476,-2.2499499645026835,-3.973700137500335,-5.64587064481637,-7.419696409615253,-9.305180746789285,-11.154685550868386,-12.860059899850825,-14.439618988405652,-15.953848163803475,-17.416881125208786,-18.757783715047548,-19.819242803502632,-20.441190708397016,-20.598743342869163,-20.424614351702722,-20.073883709789527,-19.625035643045464,-19.13524568435434,-18.71149765617225,-18.44731472847253,-18.301035642405356,-18.09309608733472,-17.65456159,-16.963325784099542,-16.14305824935922,-15.372042202261671,-14.772775314105184,-14.343012786496098,-13.97541669518743,-13.542371965862769,-12.965542365175613,-12.2318088375236,-11.381043729388159,-10.500181426687366,-9.711903414325583,-9.120188374868727,-8.735854257400051,-8.46903804153137,-8.229534665064172,-8.038888309967291,-7.996645060555182,-8.110547257722844,-8.21440514103495,-8.116340059160757,-7.810078709123053,-7.4684025267603715,-7.23558482581735,-7.07348064,-6.814868213725245,-6.340417116261116,-5.69219034971968,-5.0476103008352755,-4.582841467445934,-4.313581993436093,-4.074824793935155,-3.742416381580205,-3.5184410886836237,-3.8799685064315312,-5.044479550753396,-6.422672515182625,-6.8583992984356525,-5.787528010621758,-4.0503746165899175,-3.1073167243466133,-3.4119628222234386,-4.037192898527492,-3.9317365997400864,-2.9997639667125684,-1.8905047178315595,-1.185921755873553,-0.9837530559481144,-1.0053035317919403,-0.92869615
7kg_10bpm,2BC,-13.04644194,-14.667880017338545,-15.103940197800856,-14.494972940831907,-13.67009666268319,-13.65187414855256,-14.954803682028642,-17.21077916391858,-19.47735270416845,-20.918384506913924,-21.241742589641504,-20.667327706798858,-19.65143355278871,-18.624831578782803,-17.84271386691284,-17.361605415545224,-17.113555424776834,-16.995204220652546,-16.89862948369373,-16.701496191679063,-16.28753752764636,-15.606525522357764,-14.712313189153964,-13.736723545692763,-12.813691904520226,-12.002382904881294,-11.262253645998873,-10.500269359565232,-9.650166938872868,-8.718124423291279,-7.766038635783992,-6.862242492414965,-6.046386282091759,-5.320984540240215,-4.655083529138196,-3.9961632322862597,-3.2970860625503438,-2.5398150473599443,-1.7319543180314967,-0.8865695467475935,-0.008396279944716848,0.908617303371307,1.877079823045467,2.907322935311988,3.997102523522479,5.125456378127562,6.2550867017206535,7.346228975180753,8.379799821067786,9.375314661364131,10.381982600608897,11.439693711663516,12.536897423470998,13.600937994362523,14.53224878955725,15.258946815809555,15.777306158428049,16.152154704734514,16.47518663999512,16.810455128716935,17.162623660023083,17.485746221631455,17.720075872273437,17.822554575134337,17.773868821177818,17.578002356276087,17.266480597703218,16.894575816073072,16.52679264378517,16.22024757753367,16.01478453097154,15.932743896062737,15.978385246271996,16.133556391762742,16.35932188949161,16.611761336722484,16.86531299545551,17.125843416333268,17.41583592180028,17.72400165530015,17.939708623614983,17.830379491219617,17.13906559562503,15.80500357969223,14.14007259600301,12.729430463702888,12.050507515519339,12.123296792931502,12.494303901758215,12.565768472375806,12.03308016853293,11.093648235116266,10.255911363220472,9.903282988101319,9.960929307489724,9.946750459070964,9.369442434167121,8.116485573530412,6.468394601943925,4.799018716783965,3.32507394
7kg_10bpm,3AB,-1.57663891,1.1346504725837665,4.864490182946335,9.198473888984177,13.346072161226196,16.49238041379811,18.204296405725948,18.577415373978585,18.062736045228004,17.162407867244557,16.19054382029901,15.194969543662387,14.085296762087461,12.870399485060878,11.743977877073087,10.906105239067724,10.321309112210388,9.680993039928017,8.636590598325242,7.110688921867266,5.386970950000001,3.876694995754829,2.780467310298814,1.9637427576399462,1.1208789736415221,0.028180585910399212,-1.3421132429879452,-2.9011734948904366,-4.579301709194334,-6.368851250452622,-8.28467402714616,-10.332051733292928,-12.48035062875847,-14.632057851236608,-16.641708727513098,-18.396279625386256,-19.884180600164893,-21.172156108407417,-22.315256995824395,-23.295703828178386,-24.034794500000004,-24.45846512232251,-24.56321945279388,-24.436335469225618,-24.230856875903502,-24.087892807930032,-24.03693250809778,-23.98527908526398,-23.830302883417527,-23.56912039224309,-23.279825398079353,-23.003317655030727,-22.6740115008161,-22.19979809363737,-21.60751690886275,-21.060238432813772,-20.69196692255818,-20.440937091689328,-20.07974798701097,-19.409647285707006,-18.412527439999998,-17.232157079631,-16.041287556772375,-14.934284995799581,-13.917238638260974,-12.966885836262737,-12.095304656592337,-11.37531314039865,-10.905863953361514,-10.723470948902204,-10.712783505840767,-10.635635585745376,-10.324827970431208,-9.867907154627165,-9.524443264256362,-9.437043764787482,-9.499040168785552,-9.493165767465259,-9.289302576892208,-8.903679819691586,-8.429033530000002,-7.954648700048801,-7.54897671096734,-7.308300574902448,-7.385997127013035,-7.869804085522174,-8.539425210887394,-8.827146985561306,-8.249634594639682,-6.956977406654924,-5.677213606540312,-5.042573056357004,-5.089710182435203,-5.374151227270631,-5.394819779381962,-4.906108751573022,-3.998982778875621,-3.0008551316750176,-2.212532507518735,-1.6722382425746904,-1.19486456
7kg_10bpm,3BC,-11.00670962,-11.417569012723899,-10.886656412458857,-9.639861493764933,-8.754271313483448,-9.273636928173813,-11.292606756148604,-13.88177093194745,-15.85277708362597,-16.580240090445383,-16.22015080847161,-15.358209597945,-14.537764445518398,-14.010488892784807,-13.760027320074785,-13.662875705394407,-13.62011136661847,-13.58843772687435,-13.545006974790683,-13.452963105090646,-13.269512260000004,-12.974296379020764,-12.578063191387528,-12.111956264533239,-11.613554542527147,-11.108180028063384,-10.587297535545718,-10.003238138209477,-9.292773844300385,-8.420268661310857,-7.413295769079293,-6.3597660612248585,-5.360448283702602,-4.468254813032098,-3.6611713663371663,-2.8696657802074195,-2.0328383247322637,-1.1346486267564235,-0.195832995005889,0.7559993598657536,1.7026771900000002,2.632295911058492,3.535383194891132,4.407291810360701,5.248378413490719,6.054682361009977,6.8092286225682335,7.4890362943584545,8.086370820089662,8.62190394957134,9.134279072349921,9.658930561017385,10.212560722043598,10.786260533449797,11.344070380289336,11.826188536418334,12.165485440380163,12.323608243930737,12.32443244842603,12.243683971334743,12.15533157,12.091500698477969,12.05245539443615,12.034078584073132,12.033526291702344,12.038107606338095,12.021774523859763,11.95648859061532,11.825014984512954,11.62749448666968,11.387461301074943,11.15579050045509,10.99782468707029,10.959400120946722,11.034572148696924,11.165283318846377,11.275412966578836,11.314057361037259,11.281927166210691,11.227908027343952,11.219929870000001,11.305121217446406,11.474145374314983,11.643873916566296,11.673167813264154,11.419785760010877,10.81658310076603,9.935345213502464,9.005815622149782,8.321502424870667,8.023863259815185,7.928542683649142,7.6048001458913275,6.705407480396182,5.252827781603281,3.613891787089899,2.2394759728360274,1.4173562751944742,1.15702893370749,1.2106749426603844,1.24340753
7kg_10bpm,3CA,11.91600349,16.032177413046465,20.761093885222294,25.526215138557617,29.63422184569078,32.52717136873732,33.974162822600746,34.06079711791483,33.01759174854235,31.10193132145178,28.61840009106335,25.96068775059675,23.554167535959706,21.704085051410033,20.45893784463314,19.61223000020741,18.865376177144018,18.018629292732573,17.02770220194733,15.911484797716009,14.649559933232808,13.201067062265066,11.60882620160211,10.040129595048887,8.69781937532486,7.679425140000001,6.903845765235079,6.165275738740121,5.2816901446276905,4.221441534524894,3.0973835107734615,2.0442671940644948,1.1080904564330405,0.25305996639313405,-0.5434545732288378,-1.2355722049848414,-1.7531761310593073,-2.074898944116926,-2.2460762422455525,-2.3322570904829227,-2.3578145218310715,-2.2862801749447277,-2.05913065669966,-1.6536995752808479,-1.1036327783747755,-0.4620444691993717,0.24599142862570528,1.0197757685367965,1.8339448058507726,2.6090628230080517,3.2521772800000006,3.7347295206830133,4.116153192970942,4.474392671208012,4.817794441433342,5.083499710847142,5.221514464488043,5.258666862257913,5.274470043603608,5.346078170889527,5.53959117286964,5.918087961858987,6.487298987156677,7.117152001341084,7.5788629695975605,7.709411140083183,7.526934732988468,7.172426529627983,6.769755617868712,6.374877729634977,6.031259163300135,5.806635374619921,5.748174699333881,5.827881709091609,5.959542151021161,6.06540868,6.106842037548115,6.044177999384675,5.78232996199334,5.181473618229857,4.174500676871677,2.928822417998404,1.8732744800131855,1.473244782321856,1.913628420154631,3.0002203945030455,4.348634884449583,5.633372255160024,6.672962496094465,7.34310670503961,7.467407586875971,6.818327617985506,5.269130648542596,3.0304911076725,0.726030125831095,-0.9060878211803458,-1.4592878988212754,-1.0382571403980259,-0.11968224391723827,0.7405727905957328,1.18024888
7kg_10bpm,4AB,-1.13940147,2.671352252819972,7.8499224941316355,13.324056870303252,17.60170083517562,19.652350148039446,19.570723983326634,18.322686289092577,16.885408458747445,15.69982028113257,14.762821390336413,13.949432921403707,13.199962612053335,12.531347449699563,11.918095738620984,11.150657967053501,9.884739804959047,7.96693005569925,5.737729012792883,3.8604666200344435,2.7167940160835746,2.0311543028433467,1.1982255056665787,-0.07451124456418255,-1.5872150225839192,-3.059588330000006,-4.511437975291201,-6.169369074484873,-8.131692916143592,-10.238006682657538,-12.238219701228642,-13.994711519532549,-15.523450473827571,-16.94023078515947,-18.385017756728555,-19.903386790711597,-21.363984094395175,-22.547054319846545,-23.327112950119975,-23.731839918024857,-23.85677783639842,-23.785986498263185,-23.574998531662327,-23.27105675087953,-22.943223438706475,-22.67354688573208,-22.505412658628668,-22.421703364022488,-22.381103816927048,-22.349789836485634,-22.290237200000004,-22.161060614847006,-21.958990406546,-21.74809270767879,-21.601182405559527,-21.49123087504379,-21.297315944844282,-20.95811590936887,-20.571816488183536,-20.298016763684146,-20.183136235303554,-20.104985706453224,-19.88128296715167,-19.41719800224411,-18.736332271028257,-17.885883180515563,-16.861807460828217,-15.683153943354421,-14.55223953497628,-13.891599236472825,-14.114662539251393,-15.17464685744448,-16.229360946694012,-15.995883287424641,-13.873170771731552,-10.73214676,-8.215719364880137,-7.252806849933038,-7.5122415599388,-8.02838174516769,-8.03314001373707,-7.373482491339992,-6.496675586505368,-6.170613882016843,-7.024121930564672,-8.994047958843723,-11.07805093234459,-11.900928475661877,-10.772526365695757,-8.218180455874117,-5.559872741054049,-3.972264063784127,-3.7253532302452665,-4.195890186833431,-4.558274798172269,-4.360556703740644,-3.607427029430003,-2.548192296539107,-1.4655913184827731,-0.5744028862255101,0.01846829
7kg_10bpm,4BC,-13.29733817,-13.594173403566165,-12.989080615185536,-12.011488721092308,-11.693968475050859,-12.762651347216883,-15.022546439787067,-17.515601443106803,-19.243826397588236,-19.754073720513436,-19.210292745993254,-18.115855348472017,-16.991371102093407,-16.166281614940015,-15.714125934638513,-15.508516323158196,-15.352930562995034,-15.10912907240003,-14.746992119829509,-14.30187549774064,-13.809347167327179,-13.282449180176174,-12.726030610167275,-12.147347263603473,-11.55018495003363,-10.929993340000001,-10.276277589111556,-9.57846125702713,-8.833101227561109,-8.048028953691972,-7.239559916159039,-6.4296596777176624,-5.64787276932727,-4.928765764616262,-4.295137470816984,-3.7361701464574892,-3.201163862910175,-2.6211571507466926,-1.9459200874778857,-1.1675278008699324,-0.31967680397051124,0.5434767024555085,1.383124530936003,2.2040039716222206,3.0516162554292876,3.97709334456998,4.993024835673858,6.052822764316037,7.069630393819825,7.961377049028262,8.68818165,9.262091458694298,9.734915617603923,10.17138961180818,10.614542201352391,11.064887973611945,11.495685626770827,11.888313869580285,12.244870542636976,12.567768311843057,12.839390474422421,13.02783579100548,13.110062630847315,13.084753747464088,12.958589279347954,12.728456540417474,12.395142796890912,12.002767121539174,11.649724502901865,11.435097643758834,11.381018977246413,11.412819596437005,11.423921709775854,11.361061652498597,11.2514560747138,11.16612949,11.169985693806156,11.293843215790982,11.528993158079274,11.844020894204101,12.218458726251678,12.662516960041598,13.19806178026813,13.81693179224135,14.456588961093875,15.006843560797435,15.326829034248714,15.262143541209657,14.684812046229512,13.580677633470925,12.146817914623508,10.752008926447886,9.678865339042057,8.867174805861607,7.970169726694268,6.730944272116369,5.281223855227891,3.9993104801301795,3.1028403625738363,2.4619798049146784,1.82040706
7kg_10bpm,5AB,-3.04295396,1.366062927894513,7.0397081615674955,12.867209374969056,17.675205243950753,20.618069747545412,21.547198854157475,21.028930129678777,19.91002562612787,18.769556639906412,17.71425235783273,16.599151664217896,15.361298325417899,14.12067337476395,12.978112741445214,11.806696467894884,10.348989066100907,8.545589765531695,6.716185997122081,5.330076592182802,4.54698906275612,3.9868978936951,2.973136430963877,1.0508427322953022,-1.6561046790533964,-4.533366740472606,-6.914213551576005,-8.537908565936469,-9.696710281668564,-10.953441553056836,-12.665101980905128,-14.724637674106772,-16.719877674374224,-18.307381808299816,-19.435922829029387,-20.275333319198765,-20.998639664389536,-21.635422498548916,-22.10299175417721,-22.342477255035252,-22.393595697440162,-22.350431258296144,-22.280370930665725,-22.17966185153103,-21.988910140776227,-21.667282669793774,-21.25497572588737,-20.846135872016013,-20.505130648211246,-20.21687341062676,-19.917912941642165,-19.5716057822719,-19.19739025812738,-18.816546447488395,-18.392511602702534,-17.855784610497768,-17.18875267951539,-16.463086868971065,-15.77808454019808,-15.1740114746325,-14.613780261262333,-14.028892095068034,-13.366972153897153,-12.611359403639076,-11.791010041447054,-10.984233025236412,-10.283692053915875,-9.73000423960159,-9.289287881490527,-8.913293908241263,-8.610947398275295,-8.432878612401002,-8.373797379465033,-8.31027819212137,-8.060233803869114,-7.5581281254828205,-6.975968023743814,-6.571442881805546,-6.428759588109082,-6.40138945070962,-6.261476603799569,-5.876531448756326,-5.2991044341020554,-4.779831189120448,-4.701657565968064,-5.376456887849173,-6.744311559583271,-8.210551386843644,-8.892316923233397,-8.172603488112728,-6.155468837771893,-3.7137152658065293,-1.9770032201812062,-1.5173507778029351,-1.938338979941472,-2.3243569761551046,-2.0820843147222896,-1.3301801530400679,-0.575593589449134,-0.16907920735881216,-0.10551788
7kg_10bpm,5BC,-9.37634739,-8.649359113133725,-7.875202403600689,-7.5013718854267495,-8.146338115443985,-10.04889813454923,-12.719834050938596,-15.18747747021406,-16.645659677980458,-16.917230536018774,-16.387534832061252,-15.601390253771479,-14.92255757292868,-14.459481497579812,-14.18232775582605,-14.04842094086037,-14.037441871891913,-14.118456803375972,-14.217558785269052,-14.23363411335602,-14.089540321694356,-13.771125893791252,-13.33069955788832,-12.855616139170872,-12.414396895607544,-12.011099868078407,-11.584112660657217,-11.057690602276521,-10.405689331781131,-9.66654710089123,-8.900758476336112,-8.145280154128615,-7.404505232352279,-6.673020309217279,-5.96048695672766,-5.29108746562304,-4.678003513835105,-4.103379430273157,-3.525643646425558,-2.901414077089546,-2.2015930647440216,-1.4199250247713158,-0.5823780439669657,0.2521090266522562,1.0194238721114464,1.6922547479506878,2.295898659099355,2.8842487486579786,3.50219139543756,4.16495014601052,4.862567491234334,5.574326034531156,6.278434186981395,6.955717398879454,7.586031608929023,8.143447432042063,8.605022428919249,8.970356000510579,9.266608411176017,9.523053298330803,9.736312557361275,9.863049435073277,9.847903004741342,9.669948929607589,9.378855136730074,9.087916561213426,8.91621349348625,8.918537129425046,9.057765075440534,9.241822329485645,9.393416398635827,9.491908883111739,9.567295153217778,9.675633000401016,9.872308881386623,10.183453369910032,10.588122628976912,11.026588945584589,11.432132993893731,11.763134392281243,12.01796782948556,12.229641758327887,12.438309355863993,12.652360302028,12.822621583871257,12.840076494448798,12.560129298151491,11.866821160056158,10.759235368185497,9.387272946868736,7.977882582720335,6.685378015787347,5.502751254794878,4.373497526423712,3.3890619981793275,2.733090505161433,2.4005011940822514,2.1140363660383366,1.5943848837187653,0.8504109089475417,0.15994088
7kg_10bpm,5CA,8.44047106,11.308740484112292,15.10162222663789,19.578103896209832,23.99351278421765,27.3571109838632,28.983827268111355,28.82912846050033,27.340704757323074,25.142502264290723,22.82022721673561,20.8347771831704,19.406985244082296,18.39096632663544,17.402601662014163,16.163687234538436,14.67489554605432,13.111436406114352,11.6471002496946,10.311261640494894,8.967323578334367,7.491190831038968,5.9926118347701856,4.7565699570676925,3.881552621144528,3.1159745945229576,2.188339152563024,1.197790550975851,0.532151704974389,0.45261164062416054,0.8676433677743844,1.4604436265513572,1.9239350357533231,2.0928742499859334,1.9796894827911649,1.7470862838293204,1.596533659702367,1.6167208430759825,1.7138980691646797,1.7269380247726178,1.6311397889623211,1.5569863057395783,1.5860010052384281,1.638568686923809,1.6324431617416555,1.659953830000449,1.9134387994264273,2.4965013293280958,3.361762451298944,4.350994840954338,5.252683066722405,5.92446443597417,6.389563388755094,6.748560923356665,7.0559247984977205,7.363873915214954,7.764635440902744,8.283980976348367,8.793501063863912,9.071689953781803,8.997966905672522,8.707594581959766,8.48062542824377,8.448100527393747,8.482060571460275,8.388800419306845,8.113540143015129,7.731222984758029,7.353569884102738,7.059274297983911,6.81548870496449,6.464192626668338,5.8476846518248,4.942469442611076,3.8731250427269135,2.8620184176413983,2.153515274297178,1.8613457211475555,1.8299199751815316,1.7131601650169774,1.2472621850294658,0.49922542123604985,-0.11808992092304042,-0.17572189329501053,0.3768430007487126,1.2115184260484952,1.9565528171357123,2.4638615185599213,2.803161089783665,3.1041872164308497,3.483032703944153,4.003000734729621,4.453631570424291,4.228511196950908,2.851260175298133,0.7404856449592295,-0.9359757492998664,-1.2882231693881996,-0.33537201916708875,1.1706005149023149,2.26029196
7kg_10bpm,6AB,1.46425155,5.081569024634764,10.325111246184276,15.999177945658253,20.37875754330078,22.30645890235265,21.923063691486156,20.37523709555897,18.83396487582193,17.770775405704565,16.973039437893,16.00747924892946,14.641341053504261,12.973766519261687,11.286363897383417,9.790184333385236,8.475909513569071,7.147876246718458,5.595633178050377,3.8010700554598382,2.0187671387294293,0.5872539093104299,-0.40702094681957257,-1.2674308981806275,-2.4579842048849696,-4.222461382381575,-6.412520534651372,-8.653497361505682,-10.644483204162482,-12.324963905748936,-13.839905037625972,-15.391547915587303,-17.086744540385897,-18.866934770832373,-20.55194918456341,-21.95334357996709,-22.98428313914514,-23.697293994374185,-24.20617951040068,-24.55896053335763,-24.701046308555355,-24.555117768408458,-24.11377676836956,-23.46609494635717,-22.755906723800273,-22.103275481170467,-21.54216507414337,-21.03080313652397,-20.51213734589849,-19.941289091136078,-19.279748542601915,-18.5119942981078,-17.67990769313384,-16.88717116117671,-16.249874015103277,-15.821601706043403,-15.548490810309467,-15.294595429869823,-14.932155024988852,-14.431146972472082,-13.865511858411976,-13.333177556881955,-12.867374265911693,-12.422697036448938,-11.938944332013989,-11.392353265772247,-10.78890054065309,-10.14612466435247,-9.492172034539932,-8.873825273907686,-8.356804731852765,-7.9970269732771,-7.794730791500723,-7.68012910968364,-7.552691862170372,-7.318764031668503,-6.926945908115027,-6.435297410925252,-6.005790041641492,-5.769961835926197,-5.707174160617106,-5.668828627573189,-5.522781894148722,-5.318494437425527,-5.3561763141470395,-6.058406632319692,-7.6397106213345864,-9.763822585827617,-11.544452943934916,-12.03241634774523,-10.900254465893692,-8.798049630284872,-6.9402684945341,-6.192716419917316,-6.446841065894409,-6.814501014991023,-6.412903937630944,-5.019331635579844,-3.119253275338415,-1.4176584364037021,-0.31899232
7kg_10bpm,6BC,-14.49923874,-13.13369378809801,-11.190998294974385,-9.646337085711478,-9.649444762115605,-11.590831222873575,-14.619678012762847,-17.285343514655544,-18.616491881368614,-18.599120688474066,-17.859956918975072,-17.059180010617066,-16.489504300767916,-16.069138215302782,-15.612708732497726,-15.075428018983676,-14.553514796690383,-14.115413917438628,-13.700077995204664,-13.19057459196974,-12.549292062404616,-11.853042534892356,-11.20301268144314,-10.62094369802725,-10.038827206679052,-9.378222644714729,-8.635525095302029,-7.890358071276866,-7.231889622121986,-6.683711769718649,-6.19858626425356,-5.708973030718362,-5.172281337924738,-4.583181421407793,-3.9661380261113175,-3.3585892020242096,-2.787060887501323,-2.253053817045475,-1.745994773096075,-1.2648690795460906,-0.8154548135426869,-0.38784944006783106,0.052612802322826016,0.5493227078924037,1.1335947853170136,1.8121959167292883,2.559648648209232,3.3213709706971146,4.040713086448842,4.6907649383282255,5.274955649192999,5.79703639058693,6.23966450747866,6.57862365170803,6.821017621248058,7.026687310218177,7.28364836176573,7.653649038575141,8.13191122949627,8.661893887187318,9.18773225074425,9.675492143323316,10.091483951298759,10.39978004808035,10.593280450316097,10.699422945942834,10.749326452213019,10.765462975570946,10.786171477283897,10.875991663224347,11.082742245877025,11.389159383427927,11.72201497914232,12.003853367275173,12.191923868055218,12.282466622518195,12.297132002013297,12.270152644681668,12.237265344181806,12.219924088667117,12.207815161858745,12.151889547716914,11.979385416876125,11.632630669994507,11.121337830524212,10.552379790025748,10.080591389276112,9.776754893559316,9.514738062677761,9.042503704247634,8.252151081648806,7.323121761432244,6.5113704062917765,5.891181237634275,5.3851081700190795,4.94971819602895,4.59182799019146,4.2237413129327885,3.6446734483024446,2.734066905585729,1.62127959
7kg_10bpm,6CA,11.56842935,16.147361806791878,21.146659478048058,25.67690949411427,28.906000833229346,30.453283868011006,30.492415418196686,29.508999691824535,27.97538947230581,26.22143922998183,24.512612394285334,23.13413766402395,22.295889166365512,21.89198843595999,21.411985281258996,20.25927980060417,18.266207289600025,15.863353907340306,13.726556613728086,12.257426148215666,11.315627384256606,10.38232561075702,9.025648993425474,7.262015533600616,5.4987003320273695,4.159576363272626,3.3642026913234377,2.930250677097162,2.618457246425287,2.331631845429136,2.120053248877841,2.062848330972458,2.1564425024522884,2.296723810352418,2.3716692387816103,2.363730430815305,2.345341396063387,2.3933659523831077,2.538020334571882,2.79669238046598,3.207601078998198,3.7798004932699256,4.414265884718618,4.928239492313828,5.189367216719264,5.210302288583704,5.1252985332638845,5.1052404352004395,5.268366983686876,5.612155052531881,6.00827731,6.285330503174376,6.349743932783255,6.252098407781277,6.170759875172407,6.31572129995089,6.75013504222398,7.285241779104355,7.636025686358883,7.684576479157243,7.512883775141483,7.230350309517675,6.898180773008977,6.578734939666418,6.328145613997795,6.154670346597833,6.050401162436828,6.01426839062851,5.994268056951783,5.882559473426675,5.623518676940686,5.2717633484662585,4.891192748287473,4.410556020423443,3.644156746278081,2.530696638942273,1.3681974352102535,0.7173377529970478,0.9252238949010434,1.7751336832885407,2.700080819467001,3.2300118582023383,3.228344417575145,2.8979680890762256,2.6314030932890975,2.734635239604009,3.206137559500274,3.7895288936348814,4.1778911019837635,4.082823572067798,3.236780712472249,1.629044720938324,-0.21129769978795998,-1.5020591384181348,-1.9286981023986078,-1.8321523051138864,-1.6485519529312795,-1.3636247857578434,-0.6314078346593304,0.627138706629806,1.89998695
7kg_10bpm,7AB,-2.64086638,1.7911059236299884,6.95548718824348,11.859475655801731,15.670404098156343,17.910658601660064,18.587773478342967,18.150115268897387,17.18919936766004,16.141534021233536,15.168593617990188,14.159558595269962,12.889901633010927,11.323851946398332,9.738753711573404,8.412366348436807,7.228516360355159,5.813812375916417,4.090199328207485,2.436317266705773,1.189419055853862,0.20066640692095516,-1.0100623871926862,-2.777989182489312,-5.031110879151785,-7.418911522891064,-9.6130185506926,-11.506698287108309,-13.18946361432513,-14.766038458738908,-16.21915459478462,-17.422849992353747,-18.272921110592204,-18.82362259756536,-19.281278519480153,-19.851661632169005,-20.5881084018742,-21.350384263379965,-21.91020086976147,-22.141542306268715,-22.139375744082603,-22.12999973441358,-22.25386953543474,-22.47575453978671,-22.69340176990958,-22.851872139987314,-22.927275366620268,-22.873741555318546,-22.62963013165819,-22.160184190138892,-21.479876545890438,-20.65723305874058,-19.833197416132133,-19.181408286983377,-18.783178410801085,-18.563378789083803,-18.368007165807608,-18.08005395453127,-17.662235533988596,-17.131992987160963,-16.54665631220999,-15.980072776052552,-15.439634933465507,-14.833199640145384,-14.094106118749805,-13.356267646037761,-12.970144667910194,-13.26885032962249,-14.24356827677093,-15.471135284506648,-16.44811215387646,-17.01283751371105,-17.329289016525422,-17.515987484314937,-17.521054071548665,-17.288203054813224,-16.876913752199197,-16.434280353381382,-16.072314315180282,-15.761804725784682,-15.343563374554133,-14.69500240136825,-13.922245132542912,-13.383746831062235,-13.490282219970346,-14.349989560456077,-15.49418765315193,-16.07105790624407,-15.506682001439518,-13.996081568102365,-12.31833808100639,-11.140228797159525,-10.46357530661836,-9.821960785635195,-8.849248892273328,-7.447821309449385,-5.677637429772426,-3.7352475322257392,-1.9293771928130012,-0.5272849988080085,0.35719261
7kg_10bpm,7BC,-13.41398423,-14.5502925330341,-13.61901077,-11.484862202289213,-10.053704010000002,-10.824749737446552,-13.4973882,-16.283419809517632,-17.591108,-17.153934368219748,-15.774556650000003,-14.43480126100546,-13.66897236,-13.475591731693074,-13.599255070000002,-13.84489714592468,-14.151814390000002,-14.475375907437794,-14.731616600000002,-14.86177841650582,-14.8635981,-14.726751820741685,-14.38390818,-13.776882485973676,-12.96006997,-12.08991262709239,-11.302229910000001,-10.61525891862281,-9.949306360000001,-9.220769986726015,-8.401789530000002,-7.51179845525281,-6.586330490000002,-5.650389338810373,-4.705726390000001,-3.7319111108182845,-2.6983140600000004,-1.5949555727283775,-0.45744608,0.6597592050723423,1.7328453600000002,2.7701252087855117,3.7801075000000006,4.763726060366381,5.734377950000001,6.723438799859207,7.736456750000001,8.691601657606778,9.42724112,9.811274909461478,9.85133415,9.686570895342541,9.487626540000003,9.380796687699473,9.43270748,9.644446309977406,9.94270438,10.205678286784963,10.325652360000001,10.257288801493283,10.01356201,9.631112625579064,9.16117922,8.704555105165749,8.42526152,8.471121479315498,8.85431523,9.420612608015484,9.939191440000002,10.233921813470943,10.27382366,10.176260062653002,10.111051170000001,10.179014629955578,10.3697376,10.609188481763558,10.831427050000002,11.018987384361168,11.192070380000004,11.356327287216805,11.45727095,11.397904597139345,11.112729130000002,10.618757817264855,9.99443531,9.342142631462954,8.791245620000002,8.496427548900526,8.548392500000002,8.833655604694153,9.024987050000002,8.779340750418651,7.960994370000001,6.731166080841308,5.46715198,4.521188578606442,3.9524103400000006,3.501256872109301,2.8654444900000007,1.9719480041924462,1.00818083
7kg_10bpm,7CA,10.64269983,13.20373400602394,16.556763734221267,20.39368507197683,24.01368106756493,26.642492590000003,27.77766120394938,27.474924286210094,26.240157682320465,24.601393072962686,22.82338710000001,21.006888366540963,19.321514566077838,17.987551157063425,17.01019898554898,16.055540470000004,14.713759973973659,12.872473027451749,10.78345624374097,8.818372985128248,7.179908710000001,5.797512665964585,4.504334936452773,3.3063891725972647,2.384772531997718,1.82316177,1.462318446633251,1.0596954692221865,0.5270354069718403,-0.011445124336975173,-0.37073552000000004,-0.47933746211671713,-0.4171390112744914,-0.296042707867042,-0.11383447336484342,0.23882558000000004,0.8371098561366221,1.60527162139375,2.3370240623953986,2.8499408738598913,3.1181467,3.2429509284483697,3.3264066703252237,3.4036563305366414,3.4577664893723488,3.4743015600000007,3.5015192917084805,3.6354816139989903,3.9127779137055136,4.248178926095284,4.52381219,4.726214514748777,4.936672108958061,5.1943498611473915,5.418423015669255,5.4930593,5.416024056895991,5.325596460074226,5.379533768928557,5.616192278758179,5.929786460000001,6.14485374600385,6.1118633087987195,5.823531716265473,5.435392339733219,5.11610393,4.939012760050191,4.914330281604192,5.0070238250431025,5.1421007384528306,5.27370722,5.398802493025778,5.490940672588391,5.466608501526975,5.183622574505479,4.4625187,3.2613534765258136,1.961374115815661,1.2609472652484794,1.530107507373928,2.4169441200000006,3.2208007300879404,3.499986149744193,3.313957845012707,3.0827068624099336,3.1942529099999994,3.6587537481809393,4.2516739558045,4.831043468107336,5.3463145097832845,5.747317980000001,5.997528628192315,6.061977461535738,5.783881488464242,4.919481849605961,3.5359177100000005,2.224769261935058,1.5742573013277803,1.58061101018466,1.7183869097028763,1.48751198
7kg_10bpm,8AB,1.00409233,5.7161988613903425,11.122988002378188,16.039796412669155,19.289428308446933,20.47644321946737,20.15499535725276,19.183488191452238,18.064217284163206,16.905168499869674,15.723433771265297,14.572420035382002,13.44316274796571,12.218490550121407,10.787976320767166,9.177803504801396,7.566310388423744,6.150321554606968,4.919604714366911,3.5687241129713474,1.750729837747186,-0.5118905857246774,-2.7330385661278638,-4.389153840820861,-5.461782012375725,-6.49927626,-8.103240189559028,-10.389869601147062,-12.956693597051201,-15.283193795696294,-17.133065252435266,-18.624531113056353,-19.968865408469824,-21.198191529561196,-22.1640743442213,-22.742554350342562,-22.981836770961728,-23.046478174090073,-23.062857708312528,-23.041575529896065,-22.925652344979483,-22.68892206848388,-22.37126176942357,-22.03802898266017,-21.72999798418943,-21.444919752396043,-21.151428703760516,-20.826414818635982,-20.494879773743783,-20.23535131849989,-20.13457988,-20.214730647415024,-20.391816480194887,-20.53393096142567,-20.576332777618717,-20.550947368816047,-20.495638773573486,-20.362487975231737,-20.053083270478727,-19.54351921859337,-18.916992150752893,-18.262960841739623,-17.605073301476946,-16.930977957951487,-16.22711262160161,-15.479014078688797,-14.697744504847307,-13.985336439491034,-13.555312699746095,-13.636452474302118,-14.276790594252912,-15.158094369948987,-15.599478190138298,-14.981346164141918,-13.419110293444337,-11.807954800000001,-10.978582686043996,-11.008253994894607,-11.396656352216,-11.639000610941983,-11.535352961337836,-11.16792573394723,-10.79798804284508,-10.757909882047075,-11.278428929276913,-12.279772583033402,-13.28916488700339,-13.634737321866572,-12.834272482493793,-10.915203485892679,-8.474908892517137,-6.428045953486691,-5.449264136618156,-5.475900575496684,-5.810257715273197,-5.6622678332210565,-4.591710236797177,-2.6900695876364584,-0.5636022959505007,0.9971861002274012,1.54774545
7kg_10bpm,8BC,-15.536251,-16.932274678537514,-16.162138704266876,-13.66120581609143,-11.26101827505946,-10.915291635546401,-12.807680876167671,-15.205913425512561,-16.32790611859275,-15.8330734823727,-14.582835121671692,-13.538740911960804,-13.020367067587992,-12.756100639789567,-12.425849757103052,-12.050490921378358,-11.857275538913806,-11.90633296212334,-12.004211033877336,-11.958429942819082,-11.755425614734138,-11.449123846704008,-11.015638138211713,-10.422230300199274,-9.758102950202337,-9.179600152009737,-8.735971342851883,-8.315928500008514,-7.766614403072884,-7.030472955386291,-6.1749753193382935,-5.319341060377143,-4.5412480105112945,-3.8468887511253365,-3.21008639450591,-2.603308809227877,-1.9925639189981772,-1.3472973267888673,-0.6712365036153278,1.902230874838628e-05,0.6431145939154865,1.284748553973745,1.985405022489686,2.771193357181822,3.591994674978135,4.366906871297099,5.062508233814319,5.712137901856289,6.371662922214623,7.069412003844913,7.7837855300000065,8.451413025405852,9.00065790718735,9.40160533616161,9.7051882930816,10.019003461712835,10.414692186374927,10.85216965967904,11.208762242731941,11.403199339418125,11.506257009669289,11.717278723684377,12.19533266798019,12.897342767252328,13.598406319193316,14.092919481426598,14.3787294482934,14.636914473838901,15.039121231752226,15.584155482052282,16.100544052483613,16.393994554241537,16.410966471217368,16.284970609942683,16.23949908021045,16.43831694558234,16.894616774336495,17.48427453328782,18.016896033828342,18.319713731098805,18.32377688333021,18.11711508267423,17.90392034283946,17.847637412821555,17.896945981363686,17.788776654636766,17.27985269088544,16.383975407576237,15.367573591076006,14.529147780033705,14.038123944998356,13.905017896510538,13.918474982023692,13.637804141214941,12.635788186020116,10.855631742718971,8.697158605589706,6.669262252628083,4.968571736965055,3.464271475990093,2.0444467
7kg_10bpm,8CA,-1.55711095,-1.4393819828047478,-0.10086684263003337,1.8575208680472517,4.03879994500834,7.321675030746022,13.22191471246393,21.46111666064434,28.840536986577177,31.941496969145188,30.59575334000001,27.499221140978555,25.22791043315578,24.38213287051689,24.013559308866018,23.25412603875125,22.03111677521186,20.464813852138008,18.567044693677694,16.607295503621156,14.944842330000004,13.450454896476742,11.734716212300752,9.774267008146012,7.938016814880451,6.639199486203857,5.942111075081506,5.349235687284738,4.298348125296565,2.9218304883515334,1.8893725700000001,1.539861350586262,1.5917337890114334,1.6860808301620462,1.8384624173338344,2.263395595240166,2.9609953339639543,3.6880209376103505,4.333577782646836,5.033873600703633,5.810695880000001,6.39659680875298,6.577553120083064,6.539126970202345,6.681959787210055,7.1375432751253065,7.606872458422676,7.770966234585147,7.727065300117398,7.787251645050546,8.004840520000002,8.212993616225093,8.27477524585159,8.127010378232805,7.8888721528260985,7.774470067519909,7.784221511596374,7.769468274738333,7.718835414477925,7.767947894566681,7.88994883,7.820413494969069,7.489485796746441,7.195922897230635,7.096860841334962,6.895571483536608,6.219641193030712,5.165139456730183,4.2654541865135,3.827743146343707,3.6318608,3.378733274004091,2.938579644119373,2.1754938254725094,1.1133038636561858,0.30182479639435283,0.26707118502845983,0.6785579173538404,0.8251576027693567,0.6463504489565486,0.6397365100000001,0.8404104757439411,0.8874093648332049,1.0858062159883566,1.986306362124367,3.2430256347717963,4.0949414525885555,4.476521243776816,4.840379145976314,5.289022276275969,5.588931500000001,5.772810257375357,6.13010427160801,6.650918640506438,6.60756962216309,5.07173443801587,2.3134744958066418,0.029399669195131428,-0.6161814456932448,-0.004128427713734615,0.87198843
7kg_10bpm,9BC,-9.81930663,-10.159314956010816,-9.300295509335786,-8.124334481941268,-7.944439557322336,-9.225509740716033,-11.181012776030952,-12.620926320471735,-12.998015314911445,-12.638851947750494,-12.193337622791837,-12.033486669481292,-12.124310982481017,-12.272540364133674,-12.363592014523173,-12.390808204409016,-12.375086120701248,-12.311284133249679,-12.176438937910769,-11.965528693078062,-11.671137199469845,-11.243359770573267,-10.633051804468419,-9.883053281719143,-9.149550320026458,-8.602196856234194,-8.280316135491391,-8.056829212365972,-7.7637330328847955,-7.327578041424772,-6.77086108237948,-6.128530950117832,-5.397075614185043,-4.560340017603262,-3.6432800254773965,-2.714181374068716,-1.840669633628405,-1.072610384195628,-0.44264922197394346,0.06847406956392638,0.551844019782804,1.1168563028114675,1.8239848457696894,2.6729400869564492,3.6244917964426335,4.611437122189275,5.548697498175842,6.363111191849922,7.0173236301637925,7.520626043766887,7.9418316683535695,8.383833183923661,8.903245111082686,9.440510216604356,9.82831944118658,9.895079322100043,9.611292605263944,9.136331594719163,8.70562070816838,8.490297700751448,8.532500009696328,8.75548504718301,9.041715398955558,9.330323689876218,9.63876446743848,10.003182277718874,10.421387836786723,10.853449935760942,11.264398170897744,11.661643177198792,12.089727916977992,12.584043256285163,13.118593407134002,13.600587471659724,13.93340973269435,14.083469380547914,14.086846634404475,14.011778603274783,13.924960745491369,13.8670570188794,13.833116352713448,13.762044628733188,13.555137902600077,13.14998122251468,12.615694121918477,12.166854988371835,12.014309222897184,12.101836505548397,12.048729106157726,11.543756819155531,10.703508259208242,9.84772044225418,9.123070825619287,8.493210207052147,7.90768550520213,7.36184546213101,6.90328474456817,6.516564386673771,5.90235490567034,4.627316343327077,2.70689671
7kg_10bpm,9CA,4.07054991,5.884231438992765,9.97927559176289,16.105924320671463,22.464539795676682,26.871309122682597,28.15191029036743,26.85265316529457,24.56202272385787,22.626003077573202,21.382289879161448,20.278916980022487,18.748358484176215,16.861056793793928,14.965226626836671,13.157765134931736,11.477380273931985,10.036436880175291,8.677226950183613,7.126289783392602,5.50690176972087,4.156831963628716,3.003174398874,1.7112900383017808,0.44293584253143453,-0.16061642460201905,0.18190968970306298,1.0539522850360779,1.8523567753434054,2.3599204408874015,2.762001434229318,3.2816001564068245,3.9837376818834036,4.80634171867281,5.585591520543064,6.143946866824226,6.453016335322948,6.573202905912096,6.544321163613234,6.469557470172341,6.431755596830415,6.327678592209732,6.092387457823866,5.915824565852636,5.928550896509373,5.992105816701722,6.012326829965351,6.000906506845278,5.846645427113081,5.472529600132112,5.016333995734687,4.6236130870557774,4.377083840931133,4.3532976268193515,4.508556493088517,4.719728039193508,4.968775880586377,5.291960999061854,5.477883204167027,5.169254288801175,4.415768432995717,3.6617857753238097,3.2079393641144467,3.0545814584223736,3.1983506231786936,3.646171726669946,3.975627575038275,3.5021474037368554,2.423760408047073,1.942226505355163,2.360001819309759,2.5287135557143423,1.8517053911067183,1.193072712071491,1.444469731917027,2.217609337173666,2.6167237714652063,2.5575468249957547,2.5576893472976208,2.8534243212467834,3.3655716341970594,4.051255786356448,4.835213649608844,5.503651354267122,5.927416987033023,6.2352943629885225,6.57315753285344,6.765894932039939,6.612415475564672,6.38456612575756,6.403333246171529,6.085385192049622,4.336334463925958,1.3640521766016385,-1.0957602581896628,-1.8665949919984381,-1.020172600875854,0.8789958770218584,2.8568897301806624,3.6407275234570564,2.74820809
7kg_16bpm,10AB,-0.84927263,3.1007577933007666,7.719185390352644,12.6476856512274,17.243460502389986,20.755610031759552,22.699834498076186,23.09013493573933,22.334149832054003,20.932602876030447,19.265640229280336,17.55961520792856,15.921546762351273,14.34489668495989,12.714528235782705,10.882447647858749,8.794651978247435,6.5583127246117705,4.386068048903494,2.4758679284493295,0.9208368306215641,-0.3128463291288074,-1.3512429636602599,-2.344784251147389,-3.399934876600002,-4.546149515306863,-5.756063284547185,-7.007831937938719,-8.348311149747143,-9.902034342854355,-11.798524256987307,-14.05734596027643,-16.530333249176667,-18.972968026730708,-21.18833078355286,-23.1072707746465,-24.747385593399304,-26.123277846812826,-27.2066692333547,-27.95404568114596,-28.348906122835547,-28.411335525503823,-28.180764604558746,-27.70879621683149,-27.069415075545805,-26.358143171086127,-25.666482657959296,-25.051023067094118,-24.519422836956288,-24.0344876305775,-23.536449550000004,-22.985143497774082,-22.394752932355644,-21.81579146507733,-21.270784014286676,-20.713641856677473,-20.061118538802827,-19.26651807410641,-18.367099754168446,-17.46747276161343,-16.671924881914,-16.016636277677453,-15.454392225255088,-14.901836503087425,-14.308965032779572,-13.699218503402763,-13.151545863297498,-12.728841259067266,-12.415329987334799,-12.129738055246271,-11.798430153052255,-11.421055495824707,-11.080211322370381,-10.874385077437447,-10.801948293872567,-10.69417629348959,-10.289415786432867,-9.428399717338515,-8.226638107349158,-7.0364740408197175,-6.180663101002505,-5.72833308665385,-5.508335675790003,-5.292313055991799,-4.985886409380769,-4.702457419368898,-4.688132951458368,-5.151577462018086,-6.0799437797194456,-7.116793533312654,-7.597826850001643,-6.887294530296914,-4.89988882773231,-2.2654590505815153,0.07986655361109701,1.507733765682041,1.9807712406893403,1.8511885888796953,1.5050253491821937,1.1540212585048222,0.84397057
7kg_16bpm,10BC,-11.45254742,-10.609673053515952,-9.92286253030357,-9.43881807707812,-9.31389297456602,-9.82350751686044,-11.13630357561972,-13.09399529813587,-15.210726061039935,-16.900171268474775,-17.75614452507299,-17.698888758152947,-16.931276357059833,-15.782482373969831,-14.547716305986217,-13.39654115585827,-12.372074248018533,-11.453081296369229,-10.620897675296169,-9.884267950836493,-9.258975345126318,-8.736147847565086,-8.273811330469806,-7.817505978593403,-7.32912900475674,-6.799223059999999,-6.236146660544993,-5.647578061231488,-5.032333066689922,-4.386692385564306,-3.716015439218016,-3.0391838988387865,-2.3820494516029584,-1.764271605172364,-1.1894310062457967,-0.6482766679682186,-0.13197113577973058,0.35931380341364005,0.8213388712063161,1.257129396834194,1.6796218307186412,2.101362286503917,2.5227013808372707,2.9307756873456197,3.3083779671330897,3.641715570576067,3.9219958330909637,4.146282679113408,4.320251708149732,4.458471037629353,4.57910365,4.694876331511914,4.806599638762115,4.906132097124304,4.987150208393573,5.05287866629574,5.114587339990755,5.185610278919935,5.276341978784089,5.389862551773697,5.518219426573382,5.64156144662292,5.733037806390499,5.769744388425013,5.743336831922341,5.663792722212171,5.556378569714823,5.454524757556484,5.387716361503017,5.367049717290226,5.382085915677047,5.418298437850984,5.483502148992215,5.618879171475651,5.880263601930979,6.299634370000006,6.8557424239907165,7.480581875620069,8.09868058895255,8.662954561108599,9.16390744408906,9.621766206794243,10.068710419313767,10.520628746617472,10.947246706893537,11.2578218384147,11.317629920774511,10.997492345822298,10.24002171081813,9.112879998665512,7.8195419110551105,6.639680227456089,5.804227090246346,5.389771261095431,5.293235261806779,5.265584792361799,5.005036084614012,4.304536882830766,3.1770864100455247,1.8593571786903766,0.671801
7kg_16bpm,10CA,3.83514977,4.901216167536459,6.768143543802907,9.81791191346927,13.784605605546428,17.978893569956064,21.649223240640787,24.203774545129473,25.29920173372775,24.919295256618124,23.3965920951315,21.275283289184816,19.071221153197268,17.08770389434752,15.402564947377137,13.973338743464666,12.71567797441922,11.510522768335255,10.214098164858092,8.726489697376895,7.073295136579514,5.417087857660042,3.9706890598404154,2.857589865691011,2.019744895688579,1.2612753969094572,0.3992426452506742,-0.6200583914278945,-1.737368301116171,-2.86594307887176,-3.9317108615168537,-4.863983338647452,-5.599893072390054,-6.115004468065222,-6.439805781812602,-6.633713164989488,-6.7362165588907565,-6.742578457875992,-6.612074181281379,-6.291404282846222,-5.751426020193757,-5.022214377264975,-4.192536157805553,-3.3576237111742313,-2.554534526463431,-1.7531084108046664,-0.9199040104586139,-0.09097808349833958,0.6278179562324352,1.1410901797271078,1.4522874829667554,1.673476438955596,1.9381489946638593,2.2921652115434994,2.6614690689563765,2.924861644764266,3.021395453166468,2.99763928475382,2.9725426812862294,3.055725257860727,3.2688030741051963,3.5227579895616006,3.6839723940999325,3.6877990637051146,3.599257798526663,3.5605565526515544,3.6716343153346136,3.9199334584849295,4.221750002468746,4.514209815420191,4.794538966148743,5.08273065970408,5.371480470235097,5.627463803747621,5.833812201673102,6.009404040410783,6.170030351911338,6.269001708897812,6.1994823240237436,5.89327438834785,5.427740622466093,5.01678635580792,4.8522528439819155,4.9091207662771135,4.904776625803966,4.481861507307489,3.4704746614474122,2.0371820780777603,0.6452998818711292,-0.151608316837705,-0.013824924988119507,0.9165610434897153,2.0065314985963982,2.50146418033599,2.097023546753043,1.1687907645184905,0.35716274718204377,0.01962733372213603,0.1584742768026822,0.6433724969905562,1.32184526
7kg_16bpm,1AB,-1.18695603,2.0221782016625336,5.690689993267377,9.13703026833111,11.918371826781428,13.976875508380864,15.50074582878516,16.637331751171498,17.37206510131208,17.66232557456334,17.583730158058742,17.27064296719075,16.756918133503298,15.959281055919742,14.82970694017224,13.474107672054707,12.077024614940086,10.72535207234285,9.356425648321155,7.891995233600397,6.38840641737369,5.0253000692448735,3.944462913222167,3.0875156266728405,2.1832768746726394,0.9313133465268281,-0.7508031030693394,-2.648215941237376,-4.43990946219911,-5.986453916808032,-7.428554894999635,-9.015619228085441,-10.863971190658596,-12.882586133938299,-14.894478250696071,-16.794458281985605,-18.600388668431293,-20.380683252358,-22.14146433854852,-23.776739216980097,-25.131618185913503,-26.12487785966931,-26.80621859803939,-27.296972476560736,-27.690449323122486,-27.99096681124228,-28.111623057513558,-27.94085699633717,-27.45775517607088,-26.789997488066525,-26.13115101637429,-25.58692415653293,-25.09559885313957,-24.48990897801206,-23.6487819373506,-22.62178605479051,-21.618636310285517,-20.865901596615203,-20.43206468361485,-20.169523258613864,-19.854261202270784,-19.40019384265966,-18.906893722809833,-18.498908754800564,-18.176879665108924,-17.83901800487794,-17.397942323590584,-16.84855931018093,-16.238102503941285,-15.59953909436868,-14.926187811363025,-14.191452468884727,-13.379108265945833,-12.510706197123259,-11.659839293905067,-10.936253850626061,-10.42541562966778,-10.106712569522283,-9.826616086923751,-9.383193625470087,-8.685766166183713,-7.873795117816006,-7.221287571757527,-6.867640278886805,-6.680475708014283,-6.410351396205581,-5.9885412171827905,-5.687588234219822,-5.935755702495553,-6.870047717499107,-8.01747512117269,-8.447877587665918,-7.432091673049905,-5.139004684692907,-2.584927052751017,-0.8429380837517516,-0.27976805331177385,-0.49246734670282216,-0.8274599112874917,-0.8748811197286847,-0.58975766
7kg_16bpm,1BC,-15.94675282,-16.145517483572874,-15.369861107199002,-14.071221583807686,-12.74738993,-12.01620791574341,-12.339166710431902,-13.653817982751669,-15.34949142,-16.674303028719578,-17.21205419128698,-17.03817686850011,-16.51796522,-15.993473950107026,-15.604657394611229,-15.310231521839116,-15.011515480000002,-14.652504238142646,-14.2335040584933,-13.767694730064449,-13.255782320000002,-12.707628892162363,-12.163933679221751,-11.668858187478499,-11.212692390000003,-10.710270614102168,-10.048456580843894,-9.16237861660807,-8.0769895,-6.887047977312709,-5.695220757521498,-4.556896116217987,-3.4710676200000004,-2.417818495951096,-1.4040294807597338,-0.4715110636252335,0.33887273,1.0272936858024948,1.6403619083770549,2.240848526370248,2.8676872,3.5131705795404793,4.126898854153084,4.641619151644294,5.010800700000001,5.237935346094138,5.37620653512783,5.497495823239041,5.65327844,5.852561028542292,6.065409410884249,6.247545790360383,6.370026960000001,6.432941787469913,6.455732851451822,6.458946548826212,6.45637726,6.457285808724206,6.470787526689505,6.508993441763575,6.583428260000002,6.694106647036363,6.824231174678331,6.950296689942646,7.056668160000001,7.1383168386589615,7.194728579902021,7.227852953944157,7.243241360000001,7.2471145045136645,7.240409430119789,7.218606583317207,7.1806802,7.136244707852043,7.100744921441425,7.0857805802819165,7.09506771,7.125215508986717,7.165861040245096,7.198590331734707,7.197569370000001,7.133448796919204,6.979407914934349,6.719235348834862,6.35356784,5.891736155104917,5.3339691625799865,4.689662753220722,4.044230560000001,3.578042836168126,3.4668714083578838,3.7442405095842317,4.2453374,4.694195271785543,4.892876199623955,4.828023741403208,4.565328100000001,4.095994028006772,3.3540705647248648,2.3701528099274918,1.33956872
7kg_16bpm,1CA,8.94342236,12.883045217283222,18.134365602625913,23.619737371965915,27.937724612194323,30.01580951357702,29.624364758568372,27.44585496731486,24.582796191955147,21.865454109721803,19.559086411947764,17.596277982694012,15.851151475283984,14.145195854000768,12.266802603767065,10.138820789931023,7.897621022666252,5.802524396773325,4.063621915409579,2.697767565274508,1.5290742323622724,0.3371041625029337,-0.9455610273568248,-2.136559173388423,-2.932867348218219,-3.191977359314386,-3.078305640851813,-2.897956513762872,-2.822951917570842,-2.8176109422450972,-2.756740901638961,-2.53966788501475,-2.1610165846630274,-1.7057886042172703,-1.2416183786981654,-0.737265420382198,-0.1079728921752678,0.672463876678329,1.5124572583304625,2.222257363903981,2.6034655863872223,2.5891823117672437,2.3302074798712433,2.134557823210308,2.2673064171611816,2.762693664899026,3.436928387957887,4.0729295594166635,4.538768994523291,4.778952365685144,4.83578341304828,4.8815657832535,5.078609462726133,5.390764904439355,5.634922175518149,5.716398398770441,5.736845564423991,5.881440773610366,6.212470148408089,6.558790266168359,6.683482953427436,6.584039840612832,6.49528744918853,6.527311703437816,6.501365418091373,6.252218315702797,5.851964318125477,5.437397119595426,5.011773901368148,4.5252119705944205,4.01968668020582,3.571166203706331,3.138887897974391,2.548363735873377,1.6694016505573332,0.7148990532915734,0.25516815936304665,0.6357738018229562,1.514031128205175,2.202205541912074,2.359689090045578,2.2144684175474016,2.1674745243633544,2.304574685001304,2.4344730921355207,2.4818507652370236,2.5974257759646178,2.972494927272781,3.691940495471396,4.682353449124015,5.621529751539329,5.839357028281835,4.611638767525958,1.9845145298954465,-0.807256885741461,-2.3548488546710287,-2.322842780901437,-1.322098011570731,-0.017660744823647767,1.1808979763127152,1.86283287
7kg_16bpm,2AB,3.52734864,8.554575770335939,14.641511979410964,20.107355063967233,23.179356967335305,23.25826002558591,21.24777260235566,18.617772869106126,16.34800037214095,14.719390683380496,13.655903457057917,12.985978240554997,12.507355053098127,11.989366300734035,11.180735136338626,9.862796194604693,7.945356599365876,5.540308938828761,2.939227609662263,0.48612610784237903,-1.601673273299159,-3.352935346527635,-4.973417422689457,-6.64615165232175,-8.421517316060857,-10.27580641665907,-12.182819450011236,-14.105341296911385,-16.0117639326753,-17.9530212610892,-20.042931192400047,-22.27630305667051,-24.411822400054724,-26.136735014554173,-27.37397758194162,-28.371905378825538,-29.4361625592647,-30.595062137195875,-31.577659454170252,-32.090545885417356,-32.060495564592884,-31.634284302991183,-31.023836853611765,-30.370959552860107,-29.692059222950867,-28.90565336437164,-27.951942085171535,-26.91840623372048,-26.009350029611344,-25.34912827210972,-24.832198605207996,-24.220364367262732,-23.39110768585986,-22.440086076752035,-21.540360311382567,-20.752419528054723,-19.980775085513187,-19.092900598636877,-18.090072388309036,-17.168366052928036,-16.56934977950025,-16.33713305915097,-16.23089149100849,-15.917899521529618,-15.265982874414108,-14.41885202273737,-13.628929745559553,-13.07517330771778,-12.80149367001535,-12.748906090386452,-12.814659524582826,-12.896504592327004,-12.899643196040492,-12.730334922493128,-12.351061177306438,-11.861927015706272,-11.458328912589549,-11.30863711744831,-11.485493998694842,-11.939960837655741,-12.466298008328755,-12.725309449861314,-12.408932742158632,-11.472771853865192,-10.22282560825931,-9.09116796239841,-8.32514144491077,-8.001211983538122,-8.198664840223657,-8.893969257349166,-9.65659822251031,-9.686459863729663,-8.40159985294768,-5.979622170395501,-3.1967085350300426,-0.8408476456438916,0.653495149261726,1.2244344330722812,1.1032026031322424,0.7011371780352351,0.38328233
7kg_16bpm,2BC,-14.13596599,-12.660003585759457,-11.057812316138007,-9.819711007374082,-9.39385967736312,-10.028295177822747,-11.581925704348599,-13.540571022485597,-15.272161046544682,-16.33625143882081,-16.63951353367514,-16.371073029691402,-15.808246903485971,-15.146097523382641,-14.44891940425136,-13.710751328522283,-12.941120165371762,-12.203119250300471,-11.58572712068235,-11.143946567767324,-10.856481589565167,-10.62979598699544,-10.343866168983375,-9.910533478702483,-9.31329172925154,-8.60787742,-7.883875025611038,-7.213453271916683,-6.619940385881721,-6.081294580357785,-5.557025636991275,-5.014612068722594,-4.441337157767688,-3.8420854529317787,-3.2307254829707075,-2.624302187247894,-2.0411091181845262,-1.4964601957678951,-0.9969926714861599,-0.5378509183983887,-0.1035143608694403,0.32555267217316936,0.7610464052802324,1.1987492794785912,1.6221857095132641,2.0157417004249853,2.37721223450728,2.719585132889939,3.0614412775294646,3.4152248781905397,3.7821159100000004,4.154544599027854,4.521926995755395,4.874148628944433,5.200607077960761,5.489878568715004,5.73467665024374,5.938940455320369,6.11799456146672,6.287647361723346,6.4495950952320555,6.587945588346158,6.682564861221267,6.728901131396854,6.747919304217533,6.775112795783565,6.83369258539341,6.912455643817669,6.966034431142678,6.940017880914376,6.807910700697004,6.597267710869802,6.38555871914528,6.2632870117585675,6.283600593758149,6.430643070000001,6.628293106420795,6.782396516646455,6.826522374118798,6.739470501890328,6.532229221756859,6.2342370864929695,5.902640309017553,5.648064568502125,5.639547960098167,6.046145582873666,6.910995566060114,8.02213997179498,8.898709811722103,8.993948546585285,8.056738582726883,6.353904788827372,4.504107043902937,3.077549973074829,2.317954599659379,2.1366446889509736,2.2794273874662196,2.5021671623149095,2.645774358729652,2.6085277569974616,2.32456605
7kg_16bpm,2CA,14.13757933,17.402687566506724,20.501325232875658,23.48015776801168,26.18880816393539,28.346652630399745,29.645895798967228,29.883846806563735,29.09074366047826,27.53622129082629,25.59945427145594,23.618877594776542,21.812668169680116,20.267024432416967,18.95278525658859,17.754120969905646,16.514870795107726,15.10388760711976,13.481147498742034,11.727413833994436,10.006300712110228,8.468006363780443,7.152832590570116,5.968827572938815,4.7674774842028835,3.46046623,2.087922070755107,0.7931098552566397,-0.2674465087179713,-1.0104617094203368,-1.4551468880714582,-1.6907350756989759,-1.8202692809638126,-1.921073194271968,-2.0353732842635988,-2.1805347463450757,-2.359997408246445,-2.5651706732390913,-2.775875275004106,-2.9702886103603356,-3.1372152090510106,-3.2708427247632477,-3.3483855540916876,-3.314687737537885,-3.0942495281254274,-2.6283582812148096,-1.9150312254148334,-1.0255902076008976,-0.0841800910147913,0.7824166248323892,1.49521448,2.0400545296640873,2.4460756762067972,2.750435574552888,2.973896231493188,3.11326918093977,3.1498273801876158,3.075584726067719,2.9238071190868604,2.7728806859290485,2.709573715381167,2.7771902771710235,2.9531226390065766,3.1791964600707456,3.418665327009908,3.68342898917752,4.005790041932506,4.391707122673891,4.810362254363936,5.222001003648293,5.598396830023986,5.914000504528961,6.136256440562674,6.24664819450962,6.27460630752292,6.295799550000002,6.382980777532464,6.546050664054367,6.696680040112744,6.644558588999177,6.142618649277873,5.017851797094711,3.3626124528240706,1.6350274008684955,0.4943446593921732,0.4106188446483946,1.3363192622358468,2.6817275829675604,3.5995293633534136,3.4119016395104715,1.967171744607199,-0.2599665052877305,-2.4129546414053156,-3.7244266533220687,-3.906510332284217,-3.202076599420448,-2.1009061702514593,-0.9775640895163,0.06645223417692858,1.0891854697171481,2.08752142
7kg_16bpm,3AB,-6.36975198,-5.5227654552920775,-2.0238078246766738,3.413233558581557,9.307326480000002,14.041647442438528,16.6458335715298,17.28942539310863,16.991503170000005,16.727018456698133,16.761113825381884,16.74224209044752,16.242518760000003,15.159482407556276,13.761726832527133,12.501906053066252,11.748711460000003,11.534246880849363,11.452133057609199,10.862396853193076,9.353308480000003,7.086793195368554,4.6820997465479435,2.7538435712704805,1.53351432,0.827921596685708,0.223888038710473,-0.6773903687649391,-2.1107970700000003,-4.084117867091159,-6.390537707067889,-8.730689238798874,-10.934950350000001,-13.128335040304025,-15.635126986042932,-18.64470674275431,-21.963368270000004,-25.117327380429614,-27.675651092360756,-29.455087421673444,-30.492733250000004,-30.931870231306405,-30.940839308285906,-30.660908451658702,-30.174536190000005,-29.509491222619214,-28.670432871580694,-27.695497210987217,-26.69453574,-25.797846524883262,-25.048672632192524,-24.365337024731478,-23.625767450000005,-22.77754430593285,-21.85969789043186,-20.940108042292007,-20.04685857,-19.15907784408934,-18.252589140422184,-17.344905464491898,-16.51789101,-15.902785502219263,-15.617173866178662,-15.699043459273176,-16.11338069,-16.836252514667873,-17.897216432109502,-19.28543223789803,-20.827666410000003,-22.209449269227616,-23.137234583004762,-23.5018478059747,-23.417961200000004,-23.10862460576181,-22.717734948660787,-22.186844328804337,-21.29234594,-19.872533002841163,-18.10760149562466,-16.51443451073505,-15.542757000000002,-15.22238736247331,-15.230036235987358,-15.182001577659168,-14.85265385,-14.225502086475858,-13.398747142543316,-12.438293795393378,-11.313559980000003,-9.994999012632471,-8.643626785299428,-7.664505673684902,-7.41808155,-7.712192308131971,-7.696831189643514,-6.61642752984657,-4.58188383,-2.4253136909831445,-0.9345995855877262,-0.3099345503879317,-0.23248414
7kg_16bpm,3BC,-13.09429679,-12.132152233243033,-10.866357393038289,-9.666016567760247,-9.020016761461662,-9.364452566091078,-10.82118140464598,-13.063525216748719,-15.449551825843608,-17.3365063893156,-18.351347058233944,-18.47097637220513,-17.929716772322053,-17.05529015768753,-16.12418111938374,-15.287758054783271,-14.57664041749993,-13.953133732166275,-13.370813368606226,-12.809975827866205,-12.277551600487147,-11.78514142394058,-11.328049078817736,-10.879741275794197,-10.40370873278882,-9.870581782755131,-9.265499970173927,-8.58412142901493,-7.828488413164832,-7.01174660648757,-6.165234827473417,-5.336704968182364,-4.577320930403494,-3.923331740292239,-3.3806352737270915,-2.9194555144893934,-2.484388883979864,-2.0179458448790455,-1.4848634090466024,-0.8829935307958411,-0.23741809516823517,0.4163264759015834,1.0505275853356608,1.6553078823053986,2.2358316067058204,2.800662044411061,3.3510796467602963,3.8783364894484347,4.367851921752684,4.8049737283544225,5.179390700000001,5.488851934144466,5.741402484306818,5.95359417642744,6.145723341970728,6.337197369577774,6.542048235250809,6.763209166462638,6.989183576345196,7.1994342876900586,7.376996218529382,7.517433109513955,7.625850619257795,7.706320963128797,7.755171010502476,7.762716238333712,7.718063771272652,7.61177900219802,7.436713735999344,7.189214502675451,6.872269040291688,6.500554432883158,6.104002887411695,5.725022383481153,5.407070739092692,5.180392617438606,5.058893697520815,5.055915582592037,5.202057408705522,5.533803152951977,6.055526108262052,6.707808651537784,7.372217102693982,7.925837848921125,8.325851066644184,8.668714269686744,9.164010341862706,10.00473256746691,11.185645985531202,12.384824625033522,13.039234038284805,12.659074693225538,11.203846050348394,9.178470303898292,7.317187413721455,6.113723264383134,5.5668314816792455,5.2839608608914626,4.81589243717654,3.9561893075926933,2.80278858
7kg_16bpm,3CA,2.16741273,3.765311269795998,5.576344115803942,7.744439888536109,10.49831191361712,14.021167722928215,18.372849968390263,23.217948724228666,27.696773566709833,30.805152575196388,32.00427209443935,31.48929909139951,29.93179124755545,28.013122366879255,26.11244361022145,24.283684678874398,22.44703523583903,20.57538845625394,18.714316658941417,16.889647305302137,15.04690456460962,13.09598701089443,11.017953827566078,8.928234800599666,7.0320668806084505,5.501917048146606,4.361245814195531,3.462480382209286,2.595934354437352,1.6589917774568141,0.7418995434956497,0.048034570697276124,-0.28409291186380214,-0.3009708045438607,-0.20284213431775994,-0.20111234222277152,-0.3783739498780369,-0.6435154304913211,-0.8134491131523228,-0.7484979671547941,-0.4296781901904908,0.04365571720239713,0.5132636306254181,0.8688698482216758,1.1355007521653604,1.439819432064562,1.8803629414319878,2.4449879732749684,3.0293455140164594,3.485628439145883,3.66117947,3.4680992937797175,2.9773708235690504,2.4248395817566215,2.0790642518298257,2.0918921241069044,2.4578834689321627,3.062804718445981,3.7521389274045203,4.406751365832881,4.988274662286245,5.496325643128143,5.901548656218147,6.16335819013631,6.303672421475641,6.421068848664909,6.6110015865503895,6.880445055485728,7.154633137223845,7.362180479981432,7.502598278101316,7.63839234007654,7.826756698178237,8.03587295416628,8.110888186532888,7.846668004793116,7.158241716005749,6.207368276603786,5.313154022474621,4.697681016886364,4.324265455280301,3.9923605402104867,3.5701456259255075,3.115974300799612,2.7618367199223894,2.4803037501281793,2.0090366525522976,1.0840009543583191,-0.2156355224543335,-1.3943259706172166,-1.8673011900466543,-1.4194268681601017,-0.4121831647636399,0.4180531950404296,0.4698958944067081,-0.21629252447312977,-0.944228269787972,-0.9479657199300051,-0.003985782266291872,1.4431204608382286,2.61245399
7kg_16bpm,4AB,-4.58509213,-3.412670064054926,0.036543469520750584,5.072481349858212,10.340767053166035,14.463248486033557,16.70803944907521,17.28915814388549,17.074157944397836,16.91700355211564,17.139996822439297,17.50618104073416,17.552451765196302,16.93516905889858,15.586407215106966,13.69120073003888,11.570527619500137,9.541511679487618,7.796227503252571,6.343722442943415,5.044982816384473,3.706476068040932,2.171061783557569,0.3685827820442561,-1.6686201385259278,-3.8158773487796998,-5.906969792188697,-7.813479266204897,-9.48991305532601,-10.95473550985882,-12.25977056123076,-13.492382167286447,-14.775812883351739,-16.229495827727455,-17.912483006199338,-19.791918935028757,-21.743726261436663,-23.588235390902142,-25.167020343876292,-26.4154332490579,-27.37280588303083,-28.129598527293787,-28.751309368477354,-29.223158515950015,-29.455953759930917,-29.366234449209557,-28.97038759256102,-28.401863264465923,-27.830617720551977,-27.346786702767638,-26.89752490361534,-26.331316943949215,-25.531535981832793,-24.545285395833258,-23.57684145977493,-22.823730392710722,-22.305639698374925,-21.855331021816493,-21.28402957334143,-20.557608977743524,-19.811420866687058,-19.206298504800507,-18.783779179894786,-18.447656771113497,-18.06479019960653,-17.592654690312294,-17.122087517936077,-16.782270817881873,-16.598901411347356,-16.455490403952155,-16.188207841590835,-15.718391468976503,-15.113874364441411,-14.541624197941843,-14.157586377170572,-14.010654682726495,-14.015144213946195,-13.987811529782489,-13.722558921305858,-13.108990027490572,-12.26997941869166,-11.552171957339324,-11.263328402645095,-11.416328390183615,-11.747533973546172,-11.931920355481619,-11.774934351524738,-11.253559741156241,-10.448187749914975,-9.482481033248876,-8.51757724635804,-7.731904675673605,-7.205581042713971,-6.755898925746489,-5.913433612192422,-4.259835699818812,-1.92979577792455,0.3211050407952997,1.6420552432746158,1.7122637030451207,0.90217585
7kg_16bpm,4BC,-8.4256844,-7.810305860540877,-7.700279695962191,-8.241922394219555,-9.408919710638028,-11.03488096654812,-12.831846468612815,-14.437697752771234,-15.534817806417134,-15.980554179845983,-15.841322247980424,-15.308635495939928,-14.577641600632425,-13.777855949394981,-12.978415688294664,-12.227294918600812,-11.570809733894615,-11.036765814077306,-10.61281902492049,-10.251519294274557,-9.894176857818778,-9.492212634673077,-9.021264448031438,-8.48873034034179,-7.925710840028534,-7.3593724400000005,-6.7832263744459285,-6.153280194299295,-5.419098354666894,-4.5670861264504445,-3.6417516113233614,-2.726961113574626,-1.9009430408627164,-1.1989664753684288,-0.606292138305675,-0.07938795597219382,0.4210583897346559,0.9062418404719818,1.3609611978726213,1.7662730606059835,2.1202337938811393,2.4403521587476327,2.750350016834318,3.0657409267764795,3.3880828764725517,3.7064781066975026,4.001836965994654,4.2516081810301385,4.436250384938225,4.546549875704827,4.58690628,4.573716391055923,4.5297682681025915,4.471284809593898,4.391703866816011,4.258061716185971,4.031572407311241,3.7028474672887093,3.313375603557272,2.941721527671122,2.6635431609357143,2.5174060464419306,2.5003099201060177,2.5895601941670536,2.7695105949849124,3.043923169189266,3.4255935411329035,3.909802933429914,4.453565767001013,4.981064605338129,5.410952459524309,5.683639383474963,5.777929459640421,5.720746562862107,5.587850079346616,5.483694910000001,5.497020205328082,5.6504607616407,5.874854020906304,6.029509309859284,5.969859341352812,5.642257691394559,5.1528632997134265,4.73818630214833,4.619326111650761,4.829509577400219,5.153369946439561,5.251216316339618,4.905362242305168,4.197266419641721,3.4371092935414715,2.9062190189279957,2.658717963488356,2.533393103432626,2.3275708403929554,1.9587757398856676,1.4810995187043567,0.9917885606823611,0.5562401506792353,0.20754479206212054,-0.03913778
7kg_16bpm,4CA,11.93354108,14.033085112000302,16.093429528382558,18.57376609797226,21.567821513989273,24.821737173692206,27.846467376659767,30.07741416874897,31.080039204667298,30.715011974091617,29.16638293373298,26.832078657215863,24.160646149381847,21.51802437340526,19.121034992717966,17.029473525362892,15.177108007008714,13.432481816072658,11.670948077213316,9.827019297577834,7.91587033457901,6.027074911666819,4.2874317259171715,2.7980012160736507,1.5748108078105132,0.5344063708515604,-0.4564339097682349,-1.4936062735650002,-2.5703178180446784,-3.577565791265248,-4.369085712362525,-4.849305812879383,-5.028578876020539,-5.014598470890278,-4.9516346296689475,-4.949084590903658,-5.036976852173149,-5.164586100247621,-5.23556166518333,-5.1569281782054945,-4.878008665922862,-4.40446299880325,-3.785676442053224,-3.0842269718609545,-2.340319004941026,-1.5529402251420332,-0.6986500679259444,0.2160357216186906,1.109578768748076,1.8349341663235026,2.2488000486515882,2.2912623089173567,2.013066786530441,1.5356520735752641,0.986659328174011,0.46149036289746176,0.028067700256142705,-0.24787970982405358,-0.29607169770612357,-0.06655175059116186,0.43928899922515263,1.1623074285104475,2.0089772093366594,2.8858775795811287,3.717298992960379,4.442052943443876,5.016712481711698,5.4347759742541815,5.736991990874085,5.99575304316748,6.283961379188625,6.636291943670221,7.011291193193997,7.295287460612896,7.375939519150897,7.232819401472883,6.963533244911082,6.722455863960657,6.6154536299256765,6.6213521899019705,6.583824560584334,6.285103460475286,5.5921038037437505,4.598946938154266,3.6296614047806752,3.044883447571231,2.9998729128693786,3.364607794784762,3.819271938655067,4.017427386258509,3.7555833042184643,3.084714649315468,2.2570371648930507,1.514035584793804,0.9560861646836563,0.6280588466031106,0.6436729293219471,1.1443982386033436,2.09480083045717,3.1396127198262747,3.73857756
7kg_16bpm,5AB,-1.88893587,1.2150806096181463,4.639007406012267,8.151298194995832,11.441258637730703,14.114849978053064,15.841082509568704,16.511022247649485,16.297394457535137,15.586969162197473,14.82579993972432,14.335468852684198,14.180166481411721,14.167058881492999,13.983943043848821,13.381632244761388,12.28395052811592,10.787525338729704,9.084641685917028,7.355872038540091,5.7000636784431435,4.146893987734139,2.70083439268874,1.3369121732750129,-0.02028548803834837,-1.4422293184748503,-2.9062824065838626,-4.320984282594456,-5.679318641745319,-7.14007501711784,-8.894153152692784,-10.95123468335593,-13.095431752305831,-15.057384384017622,-16.70829717425725,-18.095964672915507,-19.348040929603826,-20.565663800271693,-21.775818383948177,-22.946883820372186,-24.040412115037025,-25.050348033756574,-25.996830473173656,-26.887225353555248,-27.6819448157361,-28.30007836282027,-28.664260395202618,-28.74946537762745,-28.600363321372832,-28.296633352019185,-27.890823017322678,-27.382659199915615,-26.76534761072494,-26.08916996957434,-25.453243232677323,-24.92785879009872,-24.49353655640157,-24.062464332975466,-23.56180274851995,-22.997446080752486,-22.436661150075253,-21.92453964555879,-21.42659775992444,-20.86372975574875,-20.188634414828968,-19.41497984820154,-18.591965266199427,-17.771043362180208,-16.989850843347927,-16.266247926548896,-15.595045819826748,-14.956855605582653,-14.341914610191962,-13.758709045542874,-13.214655119789752,-12.70164588776834,-12.217945274695783,-11.810441685966865,-11.57978190422763,-11.609994015588468,-11.855825298479953,-12.098671224899725,-12.068510749410931,-11.681317381618612,-11.16145528780618,-10.86880834350686,-10.977961316462263,-11.324661463921615,-11.52893703484509,-11.285488151370213,-10.633651206390935,-9.982549082359933,-9.775212241723787,-9.980829776166622,-9.920969650768303,-8.81441739619613,-6.571091298393987,-3.9086029133046662,-1.7282161435400503,-0.4945625271528622,-0.11478606
7kg_16bpm,5BC,-13.09983931,-11.919745545232582,-10.65289853011284,-9.751459297596165,-9.584710706686206,-10.317807735448856,-11.829264162959005,-13.744322488663684,-15.578493199587891,-16.915213555569462,-17.536021671350007,-17.45769166074124,-16.878365486160334,-16.069731738523164,-15.265004831947872,-14.587100073999938,-14.04084671483724,-13.560607273157684,-13.077356236086501,-12.564507243079335,-12.041702376901947,-11.54504793908547,-11.0910255906455,-10.660542227487316,-10.21105673568789,-9.703426208027688,-9.123233035780345,-8.484585068840655,-7.817714425418949,-7.152149476812909,-6.507912945333799,-5.8966361983459645,-5.32452640754198,-4.791266987743639,-4.288513290368006,-3.8033462613619107,-3.3241875589581102,-2.84302409810367,-2.353255407718495,-1.8476478796050742,-1.3196109208737958,-0.7670083809078115,-0.19551694059443514,0.38157040556240274,0.9486835871634964,1.4962858155469876,2.026699402210865,2.552932324644427,3.090467394133103,3.6470059861819673,4.216296897536712,4.777935758043328,5.300821810069629,5.748430945196701,6.086489144632119,6.292412360442639,6.362858461350604,6.314816645429775,6.178247646457751,5.984681792691941,5.759797385353865,5.524141561607016,5.298299818634916,5.1048698962494345,4.963639332085469,4.883255586139006,4.855965520448299,4.860186833943011,4.870406230154658,4.8688714698824915,4.8531038933206245,4.836129507990854,4.8407354858179215,4.891234753361201,5.005335786146853,5.188222044790448,5.430811090575483,5.712438810430541,6.007429906188348,6.2940145688763085,6.561552887914361,6.81186577089165,7.053877643412099,7.295770380877521,7.539018122282965,7.772888359206161,7.965150325618884,8.04980020206747,7.922899634720973,7.46454515906127,6.5954766526368545,5.347677978682584,3.8978481820828343,2.5184360344113377,1.467263046729891,0.8905091645256004,0.7737365131754258,0.9457755185344618,1.150591057949551,1.1712112219481876,0.93134204
7kg_16bpm,5CA,9.78490392,12.840451513879927,16.570793480157818,20.988749882936258,25.674558514121475,30.007748132340904,33.3520850737835,35.17293355929456,35.203637579467774,33.601567913673065,30.922665965470067,27.881425116679008,25.046689051511628,22.654872171839134,20.622361910048877,18.707025221529168,16.701102775612842,14.547421277048807,12.332706100167666,10.19439841973763,8.22932221855654,6.47750935032132,4.969049713629136,3.750647155470953,2.84070318442281,2.1554613931159454,1.504425282934826,0.7001706729373582,-0.3018488541295224,-1.368589679637838,-2.2908079451927583,-2.916234251256785,-3.207110442285457,-3.21665473506917,-3.0367456998042344,-2.756175841347719,-2.4376546247973283,-2.1077649570190253,-1.7554286474068819,-1.3374844603327702,-0.7997955634877602,-0.11670082621308246,0.6784120575205533,1.506646403589012,2.295193584565073,3.0188400217908864,3.696138596183631,4.354262356069195,4.997214259163584,5.5964642140244,6.102485540556111,6.470986349077725,6.693868526652171,6.8074948114917015,6.8625136241840625,6.883282908407699,6.86375940473561,6.805118713305898,6.7387681654154,6.6899402427962515,6.6192995510328965,6.426610309074749,6.04403213046487,5.534167305445036,5.076615223534753,4.8439309569172915,4.889352972850507,5.133983379775622,5.423836727391461,5.599608603201694,5.569305875851025,5.359930209097719,5.093718544573257,4.88951468149713,4.767061675382384,4.635773754952585,4.379002801929975,3.965546264232743,3.5056482138748217,3.2063443997409835,3.2311303600276133,3.5431406407301407,3.8525790887368565,3.738179703930332,2.9164181890892653,1.5215317947983629,0.1604459712711753,-0.43096928672182566,0.03826806293679636,1.0919995971844216,1.7482048796975347,1.2283286382137684,-0.4178340587169787,-2.3070653074258023,-3.391224229328374,-3.1946059326411356,-1.9614439862102482,-0.2501081723368612,1.4641632265555578,2.843430127601013,3.59023108
7kg_16bpm,6AB,-1.50823505,2.7748938685032982,7.5470977109827295,11.730579723762315,14.441899916120434,15.427270486665646,15.214102426055323,14.762809182538438,14.839511870588014,15.59144590200159,16.60190981499805,17.2847834111115,17.264779755295216,16.513359366948155,15.248406722924765,13.751477932061155,12.24499210477719,10.851497414766603,9.601981675375717,8.47082838622459,7.414419633303548,6.3930925120012905,5.3660659964862125,4.262107242386384,2.9659374822796822,1.3686617468207773,-0.5379923025813766,-2.616962182244952,-4.659538063688686,-6.532191996288832,-8.268470052929178,-10.027632591456097,-11.95878449516045,-14.086943212933532,-16.316988416839166,-18.526770246486063,-20.64167326073561,-22.6455373159321,-24.550211636268664,-26.33485714422874,-27.88896791728339,-29.033706603968174,-29.636577159709976,-29.728871520195256,-29.512545852285104,-29.230764529911106,-29.00429920014243,-28.771387462642036,-28.372898628159426,-27.69665714332403,-26.76047485971341,-25.68167543079701,-24.57769036346199,-23.49495866189732,-22.420145384924197,-21.342068899259345,-20.30314402669178,-19.39143507147682,-18.668492240060758,-18.101201595039868,-17.57240553388068,-16.966156563245722,-16.253661582005982,-15.508128770009188,-14.836283521729131,-14.290178458661778,-13.832306086991824,-13.373370363302277,-12.846224093239892,-12.251010898357416,-11.643687967436492,-11.097304667319435,-10.661275598403236,-10.328417296944714,-10.02935447050286,-9.67561781694861,-9.230599930866815,-8.752291308742954,-8.364971715882904,-8.163834317825216,-8.126638353048547,-8.121181421966847,-8.003388230691316,-7.72254246888298,-7.361957104366932,-7.066307540701522,-6.934288373150435,-6.983743353306932,-7.163770464728221,-7.3678960656533805,-7.4575660277460365,-7.303447076783902,-6.818648779019665,-5.933149999308895,-4.542327136369128,-2.6149493145365876,-0.45768749879824716,1.2658803627010191,1.9611800712008336,1.5731606523448352,0.60410282
7kg_16bpm,6BC,-14.80068951,-16.344554037435856,-15.046103583019958,-11.907933158481917,-8.619125528497959,-6.689894289788353,-6.810183953672487,-8.67392246112252,-11.323033419613315,-13.742576892035942,-15.312238803210894,-15.92424209119784,-15.834619290365477,-15.420337433073096,-14.981520295617234,-14.65012161667013,-14.400208093496396,-14.119569624083905,-13.699634416949614,-13.106456435800308,-12.401048841176111,-11.6989037315623,-11.09556342588941,-10.608846503592375,-10.175995692369376,-9.702238544898334,-9.121695261139692,-8.430287664797365,-7.6755295297537245,-6.9173094055512845,-6.190470446708898,-5.496206430551102,-4.823216230540239,-4.172636702292226,-3.5623255506766025,-3.010062711132739,-2.514258783797799,-2.050505850523411,-1.5852430193135474,-1.0927391374441349,-0.562846250804294,0.002025260945808414,0.5938135913401633,1.2028143136741085,1.8173918216005425,2.4230096968495465,3.003476972844214,3.542693750571166,4.025609986704734,4.440540733902232,4.784863567335749,5.071404871634593,5.328446512220792,5.589109211905886,5.8747545819140345,6.183996704601254,6.495944261458495,6.785766796659101,7.041009550423704,7.265401002866881,7.468499878357407,7.653865110573321,7.819422873771493,7.969455930894742,8.123465469107524,8.31097636836378,8.557301237900253,8.873170306094643,9.254300168300603,9.686169024990797,10.145840290030453,10.598491738164565,10.996726579612236,11.292691946404952,11.461911449965452,11.523790780873052,11.540890142711731,11.593609447162347,11.74434031858813,12.01183135541348,12.368723531369831,12.759693083623683,13.127359915658488,13.431494981683095,13.652290208020833,13.777450481845774,13.778914087256336,13.587706498489776,13.085051490241902,12.144702177960697,10.73763084129386,9.025446129216519,7.33727099966023,6.021968054934386,5.27187624276981,5.016662928143428,4.946899305896482,4.672680264580855,3.940660439765317,2.774513659362329,1.44352316
7kg_16bpm,6CA,9.27548537,13.030396023970376,17.32508016718674,21.86437581654308,26.106274554010525,29.50939644170093,31.65050811634906,32.30260263146721,31.551224760626738,29.825519256137646,27.725200902975615,25.74550795535771,24.105004152691798,22.743324482504317,21.428421396828355,19.906161250173394,18.04177816065995,15.897415042743745,13.698604593637482,11.695089758276666,10.004459554036265,8.56209456983107,7.21633731291986,5.8702130407410715,4.541828538461431,3.3266952356888018,2.3294944111710207,1.620227718948901,1.2194736547239216,1.0877253539725555,1.1193618353035246,1.1724911091703567,1.1270672820210816,0.9296861105497776,0.6031322120519257,0.22925799625232882,-0.07582521366934103,-0.1927121603503653,-0.037942830009223036,0.40284317612384624,1.0656353214873635,1.8309486077941481,2.5761357270929803,3.2295329287961367,3.7947489933382563,4.327620510931169,4.871994259974425,5.397260501612615,5.799098320780473,5.9753240659973805,5.911027890000001,5.693135400855943,5.4463121158040515,5.259661937050341,5.166851138931532,5.164388165194435,5.21429991232977,5.233579597620407,5.124150844662989,4.8493848927243,4.478533410609146,4.129242888165555,3.8674836038392533,3.6952719018814895,3.627408867035305,3.7225303033779595,4.002993172837029,4.366110194159193,4.623011702944596,4.641146791444231,4.433073004211352,4.116829334246546,3.8276336240411393,3.662068329468869,3.6480058974006444,3.7365469777333122,3.847281357151591,3.9480612856246378,4.095296711203934,4.382916550412895,4.824078397600388,5.245962614208605,5.293551719620389,4.605918023795157,3.1217474108945003,1.3050050682854226,0.007712622070989836,-0.06734936488528286,1.093598477615687,2.7239967751287533,3.706839391114947,3.2439207259348763,1.3728532950470937,-1.0132173757522975,-2.7600364668602326,-3.23992110572758,-2.6365840509355705,-1.5658121105815557,-0.5260429513521778,0.3230878787813691,1.01898893
7kg_16bpm,7AB,-2.91299436,1.1927530871939571,6.09691865471941,11.190240147959171,15.641158756135937,18.71368387371267,20.122170681986933,20.139973464432163,19.375342942419742,18.41364096779196,17.586780363759832,16.942086451256998,16.335440262769037,15.566377613443121,14.489962795267042,13.067572821155197,11.37317716315406,9.571951033534196,7.843945661551411,6.2709540342282155,4.789478435677912,3.270108592847375,1.6417090718928982,-0.07693508633156607,-1.8620081784719584,-3.762863903786941,-5.865191992544424,-8.17853342306169,-10.57670380639212,-12.870695272518955,-14.96249405353466,-16.932264519797904,-18.95879360587337,-21.138501947499797,-23.37944592011065,-25.461398762566734,-27.184223019917358,-28.4672954320869,-29.3406235843003,-29.875060899060685,-30.1279741630216,-30.131645249340718,-29.9082610298697,-29.492479714691648,-28.94259395456308,-28.327589930605644,-27.701987393199836,-27.09511509780197,-26.518311750795476,-25.973168821009097,-25.45565792790427,-24.95776568742745,-24.469612545533767,-23.99069612544812,-23.543227095172977,-23.159651109094526,-22.841966255868112,-22.540896073190442,-22.17887062101403,-21.67977353822392,-20.982362158709186,-20.06409223597891,-18.981709790727447,-17.874707155708922,-16.897907810803382,-16.12851184624071,-15.529211963012761,-15.00198899207403,-14.481289248273884,-13.98125408154266,-13.56911911911316,-13.308729421456777,-13.221694634996128,-13.28225584550075,-13.443075928689794,-13.687204915902063,-14.07526824322352,-14.719997929342895,-15.65318010201914,-16.665647799825106,-17.29228082591716,-17.058112888258382,-15.864924440431276,-14.175639138426751,-12.768527870236756,-12.265264220056222,-12.81105526457731,-14.011502966096396,-15.065369296317026,-15.086628589736158,-13.550478928496767,-10.618736308424529,-7.082809028248553,-3.9410612762153985,-1.8855797092877242,-0.9845757311917631,-0.7644974763671895,-0.621710735629462,-0.23360660488912932,0.3023984703723644,0.69340093
7kg_16bpm,7BC,-13.23590307,-13.033355954389434,-12.103667161977697,-10.922347308425529,-9.947413194360022,-9.590259103709194,-10.111942542080204,-11.485224578607731,-13.37096688281402,-15.265453977098572,-16.71938852336141,-17.488943119533197,-17.557286089367217,-17.063511165792644,-16.210568799351247,-15.195613814077767,-14.170050131664425,-13.224382965502732,-12.393926675654747,-11.677002489282891,-11.052612781781106,-10.489804881480154,-9.951846491310983,-9.403171713437743,-8.819903553315886,-8.196175231634895,-7.540638271076558,-6.868235309445544,-6.195876981686397,-5.5422510858567025,-4.925729912830155,-4.358265861499794,-3.8402945233248635,-3.362308137837454,-2.9119377618520503,-2.4800434797990607,-2.0613018390706164,-1.6511072610465998,-1.2429624225900708,-0.8283923725665456,-0.399203082404151,0.05003586980139245,0.5203491399401577,1.0078215906772308,1.504459823779638,1.9992541617228117,2.4782492561614684,2.9253084021110753,3.32586208174624,3.67235960976676,3.9667632099135366,4.216857439035928,4.428285032314516,4.59759058609486,4.711335926408841,4.752953379564992,4.713669898729318,4.600615589152585,4.437722147315846,4.260060000350938,4.104966762447907,4.003678378253617,3.9755482940246623,4.02545526500102,4.144332486537463,4.31189937861541,4.500801644942382,4.68194699715065,4.8302059248699605,4.928599211048147,4.970264386872617,4.959153175751046,4.910382511474568,4.849613689531237,4.809399220584765,4.8214734433507624,4.9072338017206185,5.070659694858671,5.2976347476699575,5.5623850251784015,5.836665138556209,6.094401836297398,6.306158123325836,6.425400271382444,6.378308469533334,6.07255906496092,5.431652176790492,4.444250319364212,3.1999273966733206,1.8780075187792502,0.6852961222320504,-0.2133090288471385,-0.7250507673283617,-0.8234600954091298,-0.5379687367162287,0.04900176699167298,0.8076792951357623,1.570952536569011,2.1474944610826654,2.3640891390889025,2.14543761
7kg_16bpm,7CA,12.77818523,15.982469992058785,19.23853192846828,22.564522684986933,25.96737734834705,29.14715110416168,31.551901065640394,32.676090316888704,32.34184137906073,30.81913524312354,28.699882622471126,26.58302815272422,24.800255095263804,23.34450319576217,21.972768667272202,20.37705805460456,18.347777938301444,15.880613131637531,13.178206803488688,10.544665220564461,8.25378908073749,6.465193161080616,5.185840522171648,4.274817127341949,3.5251550453734093,2.7940257322116793,2.069663150690631,1.4222879508028003,0.9130868894978097,0.556222512386243,0.3438630191567979,0.2701549812988131,0.3186423693191391,0.44510540702471435,0.5861541013930096,0.6891152736099587,0.7459559694058128,0.8117611333572755,0.9825270856575161,1.3344252766613958,1.8781204985064484,2.5716548061677256,3.36189280296336,4.190064943051908,4.958348932665985,5.524613087402544,5.758220354411215,5.61945126013633,5.206924616350506,4.731134097082947,4.414386273043723,4.368394130814624,4.523764627756769,4.686488846888021,4.706417527903283,4.607014235302422,4.533411565286076,4.583041945145868,4.722171102064504,4.850080869090776,4.8942551986737515,4.859122122786444,4.829599372613759,4.919111612214779,5.170772547668843,5.497992004782435,5.7533058948648454,5.872831160905004,5.944940340693845,6.119972986339502,6.434763725102153,6.735662517665567,6.801209102639499,6.549321127522463,6.108215299625537,5.675738298824185,5.327765933147954,4.979572640090457,4.515357053590449,3.928951672123286,3.3451723212541724,2.9060116563068408,2.6012633088264843,2.1955601134596576,1.3805082789018677,0.1030145461577044,-1.2231081301802447,-1.962964300722261,-1.8744755173902325,-1.441037243217247,-1.441096651682141,-2.111217811834316,-2.8280771918126186,-2.749017952690755,-1.7069617593988358,-0.3002409575024845,0.8190369921197617,1.5001355545708994,1.9755874990328657,2.4353760105693723,2.79348245
7kg_16bpm,8AB,-1.49508787,3.1675848153649575,8.09841472562888,12.694850568392782,16.42694293771335,18.93115127799975,20.09745541942645,20.08537836676356,19.250091925985316,18.00860360482924,16.703709686781124,15.514182103877616,14.435485490067922,13.341501756304117,12.11251107389035,10.752650757977236,9.391950960483827,8.158922179026435,7.053205243952692,5.951161967651117,4.731089610430464,3.390729258362401,2.052686846040466,0.8591392703887496,-0.1593656636334126,-1.1343298985305799,-2.2792065842636138,-3.7383705382756194,-5.487959024989064,-7.372931588375351,-9.247567641493939,-11.090819469357017,-12.99776046832208,-15.072949026357653,-17.33100352148647,-19.680928642642915,-21.9912356587649,-24.166485535882792,-26.164779778602792,-27.95219830407201,-29.451855736785852,-30.54493178950039,-31.1303132881077,-31.199881514731516,-30.872021720456146,-30.354010596928024,-29.85644504144242,-29.50853279518253,-29.312949213669672,-29.163244165957153,-28.922977030403285,-28.5207571498187,-27.992799378857875,-27.444883195264133,-26.967598892853967,-26.5722200358752,-26.193477340022493,-25.745184429908406,-25.174415971963672,-24.476681731291524,-23.683023864408067,-22.846111018469912,-22.029543065434417,-21.288316520168753,-20.646539886751352,-20.092144284240053,-19.580314264850585,-19.03602486848955,-18.378719025217354,-17.57104273698296,-16.6489362052246,-15.705531300003122,-14.837865251208752,-14.088800178992578,-13.426810417326902,-12.784664006952477,-12.126612542724702,-11.487429037807576,-10.951768193663503,-10.583487767462543,-10.354465612830522,-10.141111685015622,-9.816153541183638,-9.382507427897258,-9.028005370832192,-8.997732831973691,-9.37345605075856,-9.977330806430732,-10.483017176277775,-10.633245317077074,-10.403911694522339,-9.983843081673301,-9.545738907020656,-8.970240305502026,-7.844803893419231,-5.8679535136493275,-3.2679840490544185,-0.7751224090719732,0.8460850822610381,1.3015027601405977,0.86332511
7kg_16bpm,8BC,-12.85631382,-11.6285117659111,-10.213874116662883,-9.016874019316477,-8.448412860283876,-8.820720251152354,-10.189215989694107,-12.272938746198026,-14.545359644032827,-16.452795567362273,-17.625094370415955,-17.9670803199663,-17.618650275725436,-16.845091199682567,-15.922407808965273,-15.052420129038353,-14.324146032573445,-13.727581925826474,-13.20494511473206,-12.704063112982547,-12.202398673204124,-11.699303742943467,-11.19798663651731,-10.696859317655152,-10.191664594736775,-9.677630914350111,-9.14701652949032,-8.588295915275202,-7.992264730288603,-7.359928393589351,-6.702425505464998,-6.032757675936701,-5.358804989218825,-4.68346027488805,-4.008895412678462,-3.339720321379274,-2.682234165487826,-2.0405716438842196,-1.4137346532677166,-0.7963562810447274,-0.1814010404536652,0.43833355132544977,1.0708792174319877,1.7265659261930781,2.418242096440574,3.157765361504875,3.9473411201887996,4.769058194427012,5.581162713481894,6.328501433404058,6.96436383,7.471045546053485,7.866585119897125,8.19410012480147,8.50099676141118,8.819583422891519,9.157415635600058,9.499622079109972,9.820800843731385,10.100900508161677,10.336217654108424,10.53779832800874,10.717643018905687,10.871849494917019,10.97279724306425,10.976481736872566,10.841772577941072,10.552784957821604,10.135108243045512,9.657621676968864,9.214543868754081,8.89186454985102,8.73431485731012,8.731726201157,8.831337137376105,8.966136014922208,9.081912675259595,9.152508032714218,9.182911675836948,9.203470114184535,9.258830619345776,9.396025600677582,9.654275026276975,10.051928424573294,10.569455927144615,11.137992270081668,11.638709132729357,11.915335876264498,11.804905937059203,11.187280754951459,10.040285032742982,8.475098861561737,6.727323405325138,5.093855193742437,3.827776676949708,3.044050756284177,2.696396002206305,2.6136268294659106,2.567157552644026,2.361813980851525,1.9182277
7kg_16bpm,8CA,10.74014514,13.93016519298396,17.820564302861808,21.99759885234799,25.85577484980511,28.746007351318404,30.190421060555543,30.081983938096748,28.69684234776757,26.550954841077033,24.20537047307199,22.076545759284198,20.32269323585473,18.858056478504242,17.47211610063304,15.970874037276161,14.25477031478215,12.31453076851264,10.189715824275886,7.944983161353411,5.67393054727029,3.492632440277542,1.5103122503208177,-0.19409199515031808,-1.5760319093604391,-2.635043934482935,-3.435551851347779,-4.091093519306364,-4.685643094753238,-5.2024278180230565,-5.547010610171192,-5.641323351719915,-5.492313129055079,-5.181332535859452,-4.802999298510748,-4.420320136149357,-4.069008747073504,-3.7812796796780734,-3.574757170660874,-3.3962152091650815,-3.0890166490040887,-2.4597115433955454,-1.412262521818446,-0.02930231099272671,1.4653360940167777,2.8099528913768683,3.7881463863097506,4.260406173266429,4.184400399755366,3.648110892954788,2.86852701,2.1180526589671436,1.6213125794995393,1.4953882303354766,1.7440562536370454,2.2644139977707316,2.8559855728247854,3.2825868145956933,3.4081280273019257,3.308276512041691,3.230056961063168,3.419175601089873,3.9665434505871273,4.788186145725245,5.7214686487781465,6.636858680475582,7.492932239319325,8.312464697786313,9.098293328108927,9.765681501822764,10.172276774100801,10.224269284652394,9.948293606537312,9.461881293903021,8.87721459557686,8.23007563083681,7.482380083524043,6.577363306083195,5.505945224886381,4.344781030034991,3.24235851481785,2.363320359300345,1.8286042993877822,1.6836615286009482,1.8917029037064228,2.315037620254406,2.6793500464631874,2.6138500087999095,1.8650350474376305,0.5656264186403923,-0.778047587128271,-1.6845069332975082,-2.0380347552532454,-1.9657183396132665,-1.493408836048675,-0.497781997641711,0.9970058444433574,2.631088382627037,3.8685177318438866,4.294148651403493,3.82753052
7kg_16bpm,9AB,-2.26652736,0.27670603156394075,3.8255641161258174,8.132215168928825,12.706121415337822,16.91306207028974,20.111889977416666,21.83554180466289,21.99626904561608,20.984390768350785,19.487259893723,18.08590909144049,16.945979885965265,15.837371627371342,14.421427767673519,12.566954481716886,10.463456533096004,8.449999343511303,6.732833289632183,5.263927038119464,3.8513752349727572,2.3457261020930513,0.7294357561276511,-0.9273038497402263,-2.563952855010969,-4.192421007830929,-5.891244587524413,-7.74471618743854,-9.769598527655706,-11.87711018204742,-13.898342917395306,-15.674799051251265,-17.167243975839444,-18.490411292417576,-19.825497614314585,-21.282661348735946,-22.831684593085516,-24.33752321973904,-25.652354245315244,-26.69345951674724,-27.461524302564843,-27.996720814283346,-28.320392409238078,-28.4210976399648,-28.300059945388238,-28.019723181523908,-27.6837769739335,-27.362041025633545,-27.043342920429396,-26.667193211715695,-26.19164466359487,-25.61770026486138,-24.951640588886754,-24.164702840830238,-23.211289805936854,-22.08705879386101,-20.850098606093727,-19.576755032057218,-18.307470744530022,-17.04221385973328,-15.777239528691933,-14.534081747079059,-13.36122806080916,-12.319231007472636,-11.45520192967619,-10.769749771529323,-10.205390000930997,-9.678370970700147,-9.12801699509999,-8.551300534634981,-8.007004492992735,-7.578270262289525,-7.306056815524286,-7.148541513028611,-7.014338135193592,-6.846180206990928,-6.674799746274928,-6.587574428712007,-6.634207609581774,-6.756220541556199,-6.8039032805127695,-6.656019183041535,-6.382689080266035,-6.271489753393133,-6.614739749732246,-7.417724333585762,-8.307765583318439,-8.756289904664637,-8.455648640763448,-7.493731841389669,-6.14308449014059,-4.622816803341663,-3.119447918292958,-1.8165649637168477,-0.7810370981687447,0.09221169889353936,0.9360474457664674,1.6954856537194498,2.1056179616307262,1.945965628441346,1.3027569
7kg_16bpm,9BC,-9.38089395,-8.93384128696908,-8.804279753123415,-9.096826283016451,-9.862146456030706,-11.07295189641721,-12.583159233069212,-14.13553456590059,-15.436740522019644,-16.258486438397842,-16.511267442571476,-16.26118949179483,-15.685051217507914,-14.986109567156793,-14.314768678937007,-13.731833328981823,-13.222066070088612,-12.736740088161318,-12.23316240012481,-11.692133687433287,-11.11598467533327,-10.51940996136319,-9.92143853290251,-9.340067743963674,-8.788107979001092,-8.268568718964293,-7.769607494081539,-7.262360866071091,-6.7067967156704755,-6.066161651652478,-5.32358697625177,-4.491744322725065,-3.610008976475715,-2.7306113814511837,-1.901280911564515,-1.1525986715007348,-0.49442532946773604,0.0803060754585833,0.5890379953460582,1.052868921033958,1.4898809649429317,1.909461437229605,2.309556886090885,2.678072013276548,2.998385891990117,3.256256465580597,3.4444853550142045,3.564403499975284,3.625101858094638,3.6412054137863414,3.6305090700000004,3.6132987668538723,3.6122940119404396,3.649159439895905,3.7365411475617742,3.871219645688897,4.035363563515857,4.206195169450333,4.366500541657529,4.508659976900024,4.631276089060943,4.733642327680944,4.814412015711575,4.876820833571969,4.936395782987753,5.022545428014247,5.168600841279204,5.394934357546625,5.695950165968555,6.039136832800933,6.377358085861119,6.668164663584241,6.889997036090001,7.047464133236981,7.163157102307927,7.260182316358202,7.346076070812975,7.409883447559491,7.43602523128151,7.423556130717761,7.393843896219645,7.38651253011442,7.449614437723181,7.61822427570774,7.879056864076144,8.13796598602487,8.216322725079507,7.894115259908838,7.000249607641707,5.525937529338555,3.698460879850057,1.932914725772733,0.6495876167087392,0.07284463624934477,0.14914770395130633,0.6144290631659971,1.1469110266631397,1.509025939700709,1.6063962269616425,1.460508026500404,1.14554252
7kg_16bpm,9CA,8.51866111,10.292913086439057,12.445422133093203,15.23765728150318,18.457101162170222,21.616235429621554,24.18892672934488,25.784576585082934,26.255973663707067,25.709661601294652,24.423988291558533,22.740803009536787,20.97662909107681,19.353411127482268,17.95462014174998,16.72308712129542,15.508662587898355,14.154363985677834,12.583866861260264,10.843420488030551,9.071714012887542,7.418540644328368,5.972421230461925,4.740617395659259,3.675593168209452,2.717171268278379,1.8188045498200138,0.9441726661447937,0.056097128352360894,-0.8679233952932564,-1.8078419265550805,-2.7040671188632834,-3.4932896501491175,-4.136949221142998,-4.618132808421691,-4.92848668377463,-5.072758239862303,-5.083920033834852,-5.022751530847341,-4.949667015495964,-4.887741170853875,-4.805612328097652,-4.630627846001646,-4.287683260885862,-3.744450529071949,-3.0351948481179756,-2.2539744496439,-1.5261434499747832,-0.9678040382599437,-0.6473484687099157,-0.5649557674036425,-0.6545431713300052,-0.8034477391661258,-0.8867339612236621,-0.8095334455102114,-0.5373663367168215,-0.09797203618268828,0.4439410413154046,1.0228247501068286,1.601141248710875,2.1799046940633016,2.788346885373811,3.4572693213527943,4.191121492841906,4.95129038745443,5.6567194524783275,6.21209010822385,6.560268861349255,6.7244624079672715,6.7989254861938715,6.890143621512371,7.0530732348726355,7.265903794975633,7.463680222242033,7.610969692294047,7.751900649784571,7.980110910785131,8.339907572154294,8.746706727729755,9.014247297975693,8.977708760611907,8.59924176810388,7.962978954584086,7.179092695522066,6.291052485040745,5.258590786029253,4.01502226525262,2.548026170018074,0.9460918376097869,-0.6022887971475135,-1.8325543127742032,-2.473274138672499,-2.393368228267686,-1.7147779277312911,-0.7406479744082436,0.23245156137868384,1.0799013219517257,1.882161996688286,2.73537583704779,3.5120123908746352,3.88690417
